0.000000
0.000396
-0.000889
-0.000496
-0.004455
0.000698
-0.004360
0.003566
-0.000396
-0.004654
0.005245
-0.005238
-0.004746
-0.000595
-0.000198
0.000099
0.003273
-0.005341
-0.002075
-0.001873
0.000687
-0.005638
-0.000096
-0.005539
-0.005439
0.000099
0.000099
0.005836
-0.000686
-0.005047
0.000000
-0.004253
-0.000202
-0.001286
0.002659
-0.003864
0.003372
-0.003471
-0.000396
-0.003956
0.000195
0.000099
-0.000294
0.004650
-0.004753
0.000103
0.000000
0.003460
-0.004361
0.005143
-0.005439
0.004852
-0.005829
-0.000397
0.004745
-0.003765
-0.001488
-0.005142
0.003860
-0.000198
0.001976
-0.000793
0.000996
-0.003663
-0.005043
-0.004356
-0.003757
0.005634
-0.005539
-0.004455
0.001179
-0.000294
0.000194
-0.004844
0.004257
0.001579
-0.001675
-0.003368
0.001182
-0.001976
-0.005035
-0.004059
0.002964
0.000889
-0.003964
0.000397
-0.001587
0.000297
0.006726
-0.005737
-0.000099
0.003761
0.000298
0.000793
-0.004555
-0.005638
0.000992
0.003067
0.003567

0.001476
-0.004547
-0.000591
-0.004650
-0.006130
0.000496
0.004745
-0.005638
0.000000
-0.005043
0.003864
0.000686
0.005738
-0.005238
-0.005337
0.000595
0.004059
0.001179
-0.004547
0.005734
0.001488
-0.005242
-0.003166
0.004058
-0.000194
-0.000492
-0.005242
0.000496
0.005238
-0.005238
0.003563
-0.003959
0.003562
-0.003562
0.000495
0.000687
0.001094
-0.000103
-0.005539
0.000694
-0.000892
-0.004639
0.000885
-0.005341
0.003266
-0.003563
0.000103
-0.004650
0.005146
-0.006233
-0.001778
-0.003364
0.000294
-0.005241
-0.000096
0.000793
-0.004055
0.000591
-0.005138
0.001091
0.005142
-0.005836
0.005237
-0.001282
-0.000488
-0.004555
0.006035
-0.005539
0.000397
-0.005932
-0.005341
0.000397
-0.001278
-0.002972
0.003369
0.000397
0.000789
-0.001282
-0.003960
0.000298
-0.006328
0.006622
-0.000496
-0.005337
0.000393
0.000488
-0.004448
-0.000198
-0.000397
-0.004742
-0.001087
0.000095
0.003662
0.000397
-0.004848
0.004352
-0.000592
-0.000298
-0.004848
0.000893
-0.001091
-0.005433
0.004345
-0.003952
0.000686
-0.002472
-0.003063
-0.003365
0.003662
-0.000794
0.001290
0.001587
-0.002666
0.000492
-0.005139
0.001190
-0.005439
-0.000794
0.005142
-0.004844
0.004349
-0.004250
0.003662
-0.000301
-0.005433
0.006131
-0.004548
0.003464
0.001675
0.005535

-0.003651
-0.000988
-0.005043
0.003663
0.000595
-0.000397
0.001293
0.004544
0.001289
0.005245
0.001884
-0.000496
0.000599
0.003551
-0.004448
-0.005836
0.000595
0.006531

0.004162
0.006428
-0.005043
0.006630
0.001389
0.005932
0.000893
-0.001679
0.001190
0.001187
-0.000694
0.001583
0.001289
0.005539
-0.004448
0.000988
-0.000103
0.004944
-0.004944
0.007019
-0.004944
-0.003853
0.005440
0.002472
0.001385
0.003956
-0.001190
0.002380
0.004547
0.002674
0.006332
-0.004944
0.004654
-0.003266
-0.005138
-0.001190
-0.000385
0.005837
0.001190
-0.005139
0.001289
-0.005737
0.000198
0.002278
0.007125
-0.001686
0.005040

-0.006630
0.000294
0.006531
0.000099
-0.001877
0.000099
-0.004643
0.000096
0.000103
0.000992
-0.006332
0.002083
0.004745
-0.005837
-0.001873
0.001980
0.001686
0.004249
0.000794
0.005142
0.000103
0.002182
0.001488
0.000099
0.000397
-0.004349
0.000889
0.006725
0.004654
0.007423
-0.004745
0.000892
0.000397
0.004852
-0.003166
0.000099
-0.004650
-0.000591
0.002178
-0.000896
0.000103
0.006924
0.004952
-0.003563
0.005932
-0.005246
0.003460
-0.002464
0.003948
-0.005146
-0.005638
0.005539
0.001488
0.001781
-0.000499
0.000599
0.004650
-0.003555
0.001384
0.000103
0.006329
-0.000694
0.000103
0.004548
0.001487
0.005341
-0.003560
-0.004750
0.001686
0.000496
0.004448
-0.003357
0.001686
-0.006230
0.005836
0.002479
-0.001388
0.000988
0.001785
-0.001682
0.001483
0.000397
-0.005840
0.002674
0.004742
0.006530
0.000100
0.006824
0.001881
0.001289
0.001980
-0.005535
-0.005836
-0.003655
0.000100
0.005340
0.005337
-0.003651
0.003060
0.006824
-0.000496
-0.001984
-0.003357
0.007518
0.001389
-0.000298
0.000099
0.005035
-0.002460
-0.000992
-0.004742
-0.004943
-0.000199
-0.000397
0.000496
0.005241
0.005734
-0.003754
0.005634
-0.000690
-0.005047
0.000202
0.004845
0.001587
-0.005340
-0.007126
-0.005245
0.006527
-0.005246
0.001686
-0.000103
0.000694
0.004555
-0.004745
-0.002083
-0.001118
-0.000690
0.005635
0.001984
-0.000992
0.000794
0.006531
0.006531
-0.005146
0.000988
0.006630
0.006630
-0.001587
0.001587
0.006729
0.001190
-0.004745
0.005238
-0.003651
0.002281
0.003754
0.000095
0.002083
0.002464
0.001880
0.000195
-0.004250
-0.006015
-0.000103
0.000000
0.006134
0.007122
0.000099
0.001587
0.001884
0.000793
-0.000301
0.007447
0.001289
-0.004245
0.006015
0.001881
-0.004642
0.000198
-0.000103
0.000885
0.000995
0.005242
-0.002335
-0.005142
-0.000794
0.007840
0.006928
0.000099
-0.000889
-0.002864
-0.007088
-0.004051
0.003258
0.002937
-0.003631
-0.003860
-0.005138
0.007019
0.000298
0.004646
-0.003559
-0.003852
0.000397
-0.004845
0.000298
0.003853
0.000991
0.004151
-0.005439
0.000694
0.005142

0.007248
-0.002308
-0.007065
0.004452
0.001389
0.000595
0.000893
-0.000397
-0.004059
0.001873
-0.002659
0.006630
-0.005043
0.007110
0.000241
-0.005539
0.000095
0.001850
0.004643
0.004651
0.001289
0.006530
0.002472
0.001881
-0.002602
0.001785
0.000687
0.000099
0.000099
-0.001526
-0.000599
-0.004246
0.002277
0.002270
0.001885
0.007325
-0.003472
-0.001972
-0.004249
0.000198
0.002861
-0.003762
0.005341
-0.005028
0.000096
-0.001511
0.001984
0.000232
-0.007061
0.001385
0.005046
0.007953
0.005142
0.000690
0.002457
0.002178
0.004872
-0.008129
0.000492
0.003166
0.001289
-0.005722
0.001286
0.006035
0.006233
-0.001094
-0.003254
0.002075
0.001190
-0.001900
0.005436
0.006214
-0.005420
0.000099
0.004650
0.008629
0.000893
0.005760
0.001587
0.000195
-0.001087
0.002381
-0.003762
0.000100
0.007007
-0.004932
0.003364
0.003228
0.005833
-0.001385
-0.002960
0.002769
0.002770
-0.004746
0.006455
0.000946
-0.002060
-0.004059
-0.000100
0.008331
-0.002434
-0.004249
0.006889
-0.004913
0.006852
0.005836
0.001488
-0.004158
0.000893
0.001294
0.009006
-0.005066
-0.000599
0.005444
-0.003952
0.000000
0.000000
0.006168
0.000714
-0.007279
0.005039
-0.006882
-0.006058
0.001285
0.008610
0.006889
0.008942
0.008053
0.000397
0.001087
-0.000222
-0.004554
0.003860
-0.003162
0.001876
0.000496
0.001782
0.001187

-0.003357
0.000694
0.001087
0.006752
-0.001808
-0.002968
0.000099
-0.000099
0.000099
-0.000195
-0.004853
0.004853
0.000794
0.000099
0.001282
-0.000496
0.003857
0.000099
0.000892
0.001579
-0.000389
0.000198
0.006908
-0.000976
0.001984
-0.004353
-0.000591
0.008331
-0.006454
0.004151
-0.002472
-0.001087
0.000396
0.006565
-0.007301
0.004059
-0.000992
0.001881
0.002277
-0.004715
0.002846
0.005039
0.000984
-0.000888
0.000103
0.001087
0.004646
0.000714
-0.006069
0.001679
0.000694
0.001580
0.000793
0.003063
0.004273
0.001480
0.004158
-0.004174
0.001809
0.002079
0.000100
0.002075
0.006332
0.002472
0.001777
0.001087
0.006195
0.001782
0.003067
-0.001515
-0.006020
0.001976
-0.000469
-0.006256
0.000694
0.008853
-0.008258
0.000099
0.004742
-0.007809
0.009396
-0.008400
0.000099
0.001682
0.005520
0.001484
0.002472
-0.004982
0.009926
-0.004585
0.000099
0.007553
0.004646
0.006829
0.009667
0.002572
0.000000
0.000095
0.000492
-0.001656
0.000984
0.000992
0.003364
-0.004876
0.004479
-0.007057
-0.004384
0.008686
-0.000709
-0.002636
-0.003357
0.002865
0.002381
0.000000

0.000889
0.004746
-0.004059
-0.003888
0.002663
0.001285
-0.000492
0.002373
0.008853
-0.001900
0.001183
0.002602
0.009601
-0.008014
0.002567
-0.006939
0.005341
-0.003662
0.000236
-0.003269
-0.002766
-0.004688
0.006664
0.008087
0.000984
0.001579
0.004448
0.000595
0.003513
-0.007076
0.001084
0.003955
0.003315
-0.002128
0.000236
0.000710
0.000690
0.003956
0.001183
-0.007199
0.000302
0.004181
0.002624
-0.006702
0.002861
0.005817
0.004150
0.005046
-0.005859
-0.000999
0.001881
-0.001587
-0.002678
0.001579
0.001191
0.007488
0.000588
-0.001201
-0.003983
0.001084
0.005760
-0.006745
-0.001178
0.006977
-0.005424
0.007816
0.002724
0.001480
0.000100
0.002472
0.001579
-0.010628
0.000099
-0.007336
0.004971
0.003074
-0.000236
0.001804
0.000794
0.001774
-0.000591
0.003265
0.002079
0.005897
0.001484
0.000489
-0.002133
0.006668
0.009369
0.002891
-0.008362
-0.001030
0.005142
-0.006774
0.002262
0.007305
0.005661
-0.003586
0.000988
0.001476
0.001877
0.000099
0.008900
-0.008999
0.009651
0.000263
-0.000587
0.002563
-0.006153
0.004352
0.001876
0.010742
-0.009163
0.009270
0.005798
0.000237
-0.004456
0.001282
0.000103
0.004162
0.000232
-0.005898
0.009423
0.001973
-0.000493
0.009026
0.008911
-0.002789
-0.005017
-0.004688
-0.000794
0.001083
-0.007199
0.002075
-0.005188
0.006020
-0.009514
-0.010772
0.008721
0.006153
0.008484
-0.007992
0.000096
0.000103
0.000091
0.001381
0.009155
-0.006286
0.009399
-0.002418
0.008110
-0.010643
0.002266
-0.006183
0.000091
0.000100
0.001083
0.001873
-0.001182
0.004776
-0.004078
-0.008972
0.000103
0.000592
0.003055
-0.004238
0.000195
0.009529
0.002381
0.005272
-0.006332
-0.009560
-0.000275
-0.008384
0.000000
0.000103
0.006531
-0.006844
-0.006233
0.004341
-0.004147
0.004383
0.004540
-0.001343
-0.007965
0.001778
-0.001182
0.008053
0.011558
0.002266
0.001331
-0.007641
0.001778
0.011039
-0.009808
0.000099
-0.009632
0.001968
-0.008923
0.000397
-0.006466
-0.006039
0.007690
-0.000793
0.005047
0.000996
0.001354
0.000538
-0.009537
0.000496
0.006195
0.001617
0.002270
0.007496
-0.003235
0.005382
0.001476
0.000889
0.010201
0.011685
0.002167
0.005760
0.002174
0.000816
0.001976
0.004242
0.001580
0.002166
0.000492
0.002365
-0.000885
0.009163
0.005070
-0.004181
0.001381
0.002174
-0.003246
0.000274
-0.006977
0.001480
-0.001072
0.002075
-0.001621
0.006390
0.000591
0.007217
0.007869
-0.005798
0.002369
0.004459
-0.005050
0.010628
0.000813
0.000988
0.008301
0.002468
0.008880
-0.011959
0.001278
0.002174
0.010514
-0.012314
0.000542
0.000538
-0.009197
-0.005722
0.001679
0.001976
0.010643
-0.004917
0.005996
0.002766
0.000103
0.002430
0.010002
-0.003246
-0.008434
-0.012527
0.013123
-0.005078
-0.009338
-0.000294
0.012669
-0.010498
-0.012482
0.002369
0.009491
0.000694
0.000099
0.000099
-0.000496
-0.007542
0.000397
0.000203
-0.004952
-0.005329
0.001187
0.012115
-0.010833
-0.000294
0.000397
0.001381
0.002770
0.000794

0.000298
0.007869
0.001373
0.006367
0.001091
0.000999
0.009163
-0.002815
0.013566
-0.011193
0.000000
0.011826
-0.004273
-0.008156
0.002274
-0.002971
-0.002144
0.007473
0.002071
-0.000397
0.009632
0.008880
-0.007202
-0.009583
0.009155
-0.001541
0.002369
0.008941
0.009022
0.006962
-0.006310
0.008774
0.010891
0.001182
0.013137
0.008900
-0.001354
0.002667
-0.000793
0.008931
0.000274
-0.005848
-0.000396
0.006737
0.000896
0.010201
-0.006210
-0.000793
0.001182
-0.000595
0.012726
0.001976
-0.000199
0.010117
-0.000534
-0.009384
0.010002
0.000976
-0.006584
0.006309
0.010842
0.008598
0.011680
-0.008037
0.002571
-0.012688
0.006485
-0.008670
0.001091
0.000000
0.006946
0.013195
-0.000500
0.010151
0.001877
0.011597
0.001976
0.001285
0.001083
0.009297
0.001972
-0.007122
0.002571
-0.001480
0.001679
0.000686
0.011776
-0.003784
0.013851
-0.012371
0.000591
-0.004852
0.000686
0.001190
0.009438
0.014320
-0.012245
0.001587
0.001343
0.000297
-0.001884
0.008972
0.001186
0.008499
0.001084
0.000290
0.001190
0.002071
0.001686
0.010235
-0.010833
-0.009384
0.009308
0.003063
0.009632
-0.008243
0.011052
0.002369
-0.011578
0.014099
-0.012318
0.008800
-0.002697
0.000271
0.002075
0.007877
-0.007630
-0.000297
0.001488
-0.000500
0.010701
0.000270
-0.004318
0.002079
0.009464
-0.001392
-0.009952
0.002868
0.012490
-0.005394
0.003167
0.001789
-0.001289
0.000892
0.001617
-0.003509
0.002178
0.000893
0.011127
-0.003509
0.009929
-0.002708
0.000275
0.000541
0.000992
0.000096
0.011406
0.001618
0.001587
0.001983
-0.011921
0.001388
0.000199
0.000496
-0.000992
0.010498
0.000271
0.002426
0.000000
0.001575
0.007733
0.000592
0.011039
0.010788
0.012123
0.003063
0.003063
0.012737
0.009735
-0.008045
-0.000592
0.001690
0.001587
0.000794
0.000396
-0.000813
-0.004315
0.004581
-0.000695
0.001389
0.001351
0.012726
0.003265
0.013039
-0.013535
0.002083
-0.012802
-0.009201
0.007309
0.000297
0.010102
0.010204
-0.014008
0.001888
0.000397
0.011959
0.002671
-0.000099
0.002471
0.011921
-0.012413
0.009781
0.011524
-0.009056
-0.004586
0.001625
0.012603
0.014164
-0.012482
-0.013245
-0.002082
0.000591
0.002670
0.003506
-0.005123
-0.011215
0.009533
0.000275
0.001984
0.001289
0.013512
-0.015175
0.000099
0.001385
0.000103
0.011052
0.001786
-0.001389
0.000096
-0.001614
0.000496
0.010246
-0.004047
-0.009228
-0.008194
0.002578
0.013192
0.000298
0.011689
0.002178
0.000103
0.008194
0.001610
0.000270
0.001622
0.000267
-0.011864
0.000099
0.011661
0.000271
0.003392
0.009727
-0.014790
0.008858
-0.000801
-0.001892
-0.013943
0.001095
0.010723
-0.011810
0.009384
0.002689
-0.009766
-0.001682
-0.011891
0.002380
0.002281
-0.000694
0.011871
0.012573
-0.009720
-0.000267
0.001091
-0.002694
0.000297
0.013298
0.013134
-0.002971
-0.005127
0.002186
0.000297
0.000222
0.013237
-0.000794
0.011250
0.002773
0.009342
-0.009739
-0.000274
0.003448
0.000396
-0.000988
0.010499
-0.002972
0.003296
-0.013924
0.002701
0.002155
0.000896
0.000099
0.001384
-0.008931
0.000241
0.011390
-0.003502
-0.011154
0.000237
0.011066
-0.010769
0.012787
0.003822
-0.000954
0.009335
0.003704
-0.000794
0.001683
0.009369
0.001686
-0.002423
0.012218
0.012051
-0.005126
0.002971
-0.011188
0.000232
-0.001213
-0.001201
0.000888
-0.005127
0.011242
-0.010052
0.001767
0.013256
-0.007744
0.000236
0.003055
-0.000477
0.001908
0.002083
-0.000202
0.011921
-0.000801
-0.015972
0.010304
0.000500
0.013046
-0.013997
0.011841
0.001690
0.001076
-0.002968
-0.008049
0.001347
-0.000698
0.003136
0.013184
0.011181
0.003510
0.010471
0.002430
-0.000099
-0.007812
-0.015392
-0.000519
0.012310
-0.001015
0.001091
0.011994
-0.011078
-0.000817
0.011353
0.002857
0.012001
0.000714
-0.016308
0.001171
0.014862
0.000267
0.001080
-0.002430
0.013626
-0.008350
-0.002732
-0.000195
-0.014465
0.015003
-0.011620
0.002369
0.012131
0.000000
-0.010277
0.010006
-0.012775
0.001114
-0.004860
0.000888
0.001587
0.012607
0.014622
0.017162
0.002472
-0.001191
0.002610
0.013840
0.012261
0.003304
0.011478
-0.009064
0.002602
0.000236
0.004631
0.016929
0.001079
0.013725
-0.000889
0.002007
-0.000618
0.000099
0.001961
0.013004
0.011154
0.011913
0.014305
0.005329
0.004868
0.008217
0.001088
-0.015739
0.017597
-0.000477
0.013153
0.015484
0.000270
-0.011184
-0.003380
0.016182
-0.017471
0.013427
0.016223
-0.004047
0.000271
0.005394
-0.011459
0.001587
0.013443
-0.010750
-0.001182
-0.002205
0.014485
-0.013390
0.012215
0.000541
0.000271
0.016494
-0.015102
0.003612
0.010144
-0.005127
0.004021
0.001289
0.000492
-0.011459
0.002910
-0.000241
0.009877
0.005123
0.015575
0.012391
-0.013229
0.004944
-0.000241
0.009335
-0.016423
0.001483
0.016797
-0.016694
0.015343
-0.011253
-0.002957
0.014050
0.002159
0.000492
0.013965
-0.000236
0.012860
-0.008011
0.009361
0.000000
-0.012505
0.015484
-0.010006
0.000916
0.012428
-0.012428
0.012138
0.013893
0.013985
-0.010208
-0.015408
0.000241
0.001190
0.010780
-0.009125
0.009125
-0.013249
0.002533
0.018455
-0.001182
0.002838
-0.001419
0.000270
0.004139
0.000519
0.000255
0.014088
-0.000813
-0.017884
0.002296
0.004585
0.014550
0.012237
0.013489
0.005935
0.017841
0.014153
-0.012036
0.013943
0.013214
-0.010780
0.002144
-0.003090
0.001182
-0.017243
0.014817
0.003083
-0.017959
0.014183
0.000267
0.002964
0.002018
0.012405
-0.009735
-0.003509
-0.008957
-0.003506
0.015625
-0.013816
0.013008
0.000000
-0.014084
0.017704
-0.013206
0.012379
-0.012951
-0.012603
0.001614
0.010613
0.001346
0.003387
-0.003238
-0.015747
-0.003639
0.017487
0.015358
0.003777
0.000232
0.010682
-0.000541
0.003247
0.004306
0.002137
-0.011253
-0.002358
0.005249
-0.011993
0.000232
0.005218
-0.003868
0.002602
0.000236
0.016746
-0.009708
0.016716
-0.001072
0.017830
-0.003784
-0.000809
-0.012367
-0.000946
-0.014499
-0.001076
0.001613
0.006054
-0.002987
0.013924
0.013816
0.017429
-0.009708
0.012420
-0.002979
0.015525
0.000271
-0.009708
0.000096
0.003239
-0.014831
0.018422
-0.000538
-0.007561
0.009716
-0.000271
0.000489
-0.001671
-0.000473
0.000000
-0.014499
-0.013500
0.014358
-0.001350
-0.015232
0.013344
-0.000293
0.015201
0.001201
-0.000232
0.017128
-0.015946
0.005577
0.004212
-0.005402
-0.006744
0.013279
-0.009442
0.016464
0.013313
-0.003250
0.004326
0.005180
-0.000813
-0.000267
-0.002441
0.002624
0.004540
-0.014729
0.014191
-0.013477
-0.018890
-0.000809
-0.000275
-0.015106
0.001869
0.007294
0.002422
0.016281
0.015675
-0.020409
0.000000
0.009979
0.001961
-0.012733
0.013813
0.015976
0.019333
-0.012421
-0.006817
0.012268
0.004772
0.012768
0.001655
-0.009983
0.018448
0.000000
0.003678
0.002014
0.001182
-0.001900
0.012146
-0.001083
-0.008904
0.000809
0.005074
0.012413
-0.011334
-0.015121
-0.017773
0.003364
0.004982
0.005249
-0.015117
-0.012695
0.001651
0.003937
0.020367
-0.002438
0.012062
0.006573
0.004505
0.013653
0.002976
0.020790
0.017342
0.005020
0.011330
-0.008354
0.012905
0.004540
-0.004303
0.003761
0.016044
0.002976
0.013520
0.004151
0.016117
0.001617
-0.001617
-0.001087
-0.016472
0.010254
0.001347
0.006165
0.009716
0.002163
0.017284
0.001892
0.012867
-0.007298
0.014625
0.005142
-0.018348
0.004844
-0.003189
0.004540
-0.015663
0.015392
0.021526
0.003464
-0.000477
0.014321
0.001709
0.017337
0.002156
-0.017601
0.005996
0.004067
-0.002648
0.008102
0.017170
-0.011047
0.000252
-0.013752
0.010505
0.003269
-0.001087
0.006451
0.000477
0.006298
0.015004
0.016010
0.020275
-0.014038
-0.010517
-0.002251
0.017337
-0.003250
0.004135
-0.010250
0.001656
0.020142
0.017128
-0.018211
0.021923
0.006061
-0.011883
-0.001080
