0.000000
0.002877
0.000095
0.000103
0.000099
0.000099
-0.003170
0.000096
0.000099
0.000099
0.000103
0.000095
-0.002380
0.002480
0.000099
0.000103
0.000992
0.000099
0.001984
-0.001885
0.000103
0.000096
0.000099
0.000099
0.000099
0.001782
0.000103
0.000099
0.000099
0.000095
0.000103
0.000100
0.000099
0.001682
-0.001587
0.002575
0.001484
0.002777
0.001385
-0.000103
0.003472
0.000885
-0.000988
-0.000492
0.001782
0.000103
0.000099
0.002578
0.003567
0.004456
0.002479
0.000195
0.002182
0.002769
0.004154
-0.000785
0.002575
0.000785
0.001587
0.001587
0.002476
-0.001286
0.002872
-0.000984
-0.000301
0.002472
0.002373
0.002273
0.001686
0.003662
0.002274
-0.000687
-0.000099
0.001385
-0.000488
0.001579
0.001679
0.002278
0.001183
0.003170
0.002174
0.003265
-0.000988
0.000294
0.000794
-0.000496
0.003067
0.001484
0.000397
0.000996
0.000000
0.002083
0.002079
0.000496
0.000786
-0.000691
0.000794
0.002175
0.001881
0.000984
0.000698
0.000095
0.001286
0.002178
-0.001190
0.000000
0.003360
0.003258
0.003266
-0.000099
0.000595
0.000591
0.001182
0.000389
0.002278
0.000492
0.001385
0.003861
0.000396
0.000592
0.000496
0.002075
0.001877
0.000099
-0.000492
-0.000793
0.000893
0.001976
0.001182
-0.001282
0.001782
0.001087
0.004257
0.000897
0.000985
0.000397
-0.001576
-0.000691
0.005337
0.001877
-0.001877
0.001183
0.001087
0.000198
0.000881
0.000793
-0.000294
0.000988
0.002170
0.001579
-0.000885
-0.000893
0.000000
0.004158
0.000397
0.000687
-0.000984
-0.000500
0.000198
0.002270
-0.000592
-0.001286
0.000099
-0.001289
0.000396
0.000793
0.001084
-0.000687
-0.001190
0.000302
0.000202
0.004257
0.005341
0.000682
0.001674
-0.000591
0.005547
0.003960
0.001381
-0.000885
0.000988
0.001083
0.004254
0.006130
0.005738
-0.000095
0.005432
-0.000691
-0.001079
0.001484
-0.000103
0.003956
0.000397
0.000789
0.000493
0.002861
0.004456
0.001972
0.001083
0.000000
0.000496
0.006233
0.005734
-0.000893
0.005432
-0.001373
0.000194
0.004658
-0.002167
0.000100

0.000592
0.000099
0.000996
0.000297
0.000099
0.001179
0.000302
-0.000988
0.006035
-0.000199
0.000496
-0.001381
0.004345
0.004456
0.004158
-0.000199
0.004158
0.004058
-0.000194
-0.000793
0.005439
-0.001380
0.001873
0.004059
0.001384
-0.001178
0.005043
-0.000885
0.001580
0.001091
-0.000493
-0.000099
0.005337
0.000103
0.002571
-0.001686
0.004745
0.006527
0.000000
0.000687
0.005829
0.003857
-0.000393
0.001083
-0.000496
-0.001679
0.001282
0.006328
-0.000896
-0.000199
0.000301
0.005242
0.000099
0.005535
0.005539
0.000095
0.004254
0.006427
-0.000892
0.005836
0.003761
0.001186
0.004345
-0.000297
0.004055
0.004845
-0.000194
0.000885
0.000591
0.000103
0.004150
0.000691
0.005638
0.004349
0.002468
0.005143
0.000000
0.005737
0.000099
-0.000690
0.001186
0.004052
0.000396
-0.000587
0.005734
0.000881
0.000698
0.000794
0.005734
0.003861
0.000596
0.003162
0.003460
0.005242
0.004845
0.000099
0.001679
0.000793
-0.000595
-0.000698
-0.000988
-0.001286
-0.000301
0.005635
0.006329
-0.000096
0.006233
0.005734
0.001289
-0.000892
0.003948
-0.000294
0.001877
0.005142
0.005535
0.007027
0.006928
0.007027
0.005043
-0.000496
0.003555
0.002479
0.000096
0.005635
-0.001190
0.007122
0.004849
0.005539
0.000591
0.006031
0.006630
0.001087
0.006332
0.006035
0.003853
0.000595
0.007019
0.006035
0.005535
0.006031
0.005337
0.005836
0.006725
0.007122
0.000598
0.006031
0.007221
0.006928
0.007126
0.001083
0.000096
0.004547
0.000793
0.001481
0.000698
0.005340
0.000794
0.006927
0.000988
0.005043
-0.000992
0.004547
0.007019
-0.000492
0.007720
0.002571
0.005836
0.006725
0.000103
0.004944
0.006629
0.000195
0.000199
-0.000988
0.007248
-0.001015
0.000099
0.005146
0.004051
0.000099
0.005638
0.006214
0.004750
0.005246
0.007026
0.000096
0.005238
0.001614
0.004150
0.006923
-0.000301
0.000698
0.000492
0.005047
0.005733
0.000096
0.006828
0.007324
0.006134
0.005341
0.005340
0.004547
0.005043
0.000099
0.001587
0.000298
0.005337
0.002643
-0.002247
0.000103
0.004448
0.005638
0.007423
0.006226
0.007225
0.006130
0.005738
0.000793
0.005043
0.006332
0.008812
0.005737
0.007415
0.005642
0.005341
0.000202
0.004291
-0.002018
0.004047
-0.000194
0.007522
0.007423
0.000222
0.007122
0.006230
0.005936
0.006333
0.007423
0.007702
-0.001190
0.000897
0.007546
0.004441
0.004055
0.005139
0.007599
0.006134
0.000695
0.002399
0.003262
0.007840
0.005634
0.006726
0.004746
0.005634
0.004150
0.005444
0.006825
0.005241
0.003327
0.005043
0.001655
0.006630
-0.000996
0.007286
0.006035
0.001983
0.004352
0.006531
0.006233
0.001487
0.007546
-0.001313
0.006924
0.008847

0.003464
0.000492
0.001682
0.004642
0.005836
0.007920
-0.001191
0.006630
0.006096
0.005638
0.007026
0.006130
0.004841
0.005268
0.005779
0.006729
-0.000595
0.008690
0.006428
0.007824
0.004730
-0.001171
0.005936
0.006134
0.005340
0.009674
0.001789
0.007645
0.006134
0.007263
-0.002216
0.009415
0.008331
-0.002399
0.008095
0.007373
0.004181
0.007740
0.003334
0.004943
0.004810
0.006237
-0.001660
0.006034
0.005860
0.008019
0.006328
-0.000194
0.000237
0.006134
-0.000694
0.000698
-0.001313
0.007217
0.005435
-0.002151
0.009632
0.000103
-0.000103
0.007675
0.006134
0.001217
0.009140
-0.002133
0.006134
0.008213
0.001656
0.006356
0.006511
0.007263
0.008931
0.005920
0.000241
0.007385
0.000237
-0.000473
0.006806
0.003956
0.008980
-0.002128
0.009601
-0.001945
0.008232
0.001423
0.008072
0.005310
0.009320
0.005340
0.003666
0.007385
0.002342
0.007263
0.008942
0.005245
0.007325
0.009117
0.008781
0.007473
0.006565
0.003674
0.008686
0.005463
0.007599
0.009052
-0.000946
0.002087
0.002365
0.009194
0.000236
-0.002601
0.000946
0.005085
0.002369
0.009320
-0.000946
0.000000
0.006317
0.007438
-0.000714
0.008774
-0.001656
0.005581
0.000714
0.001419
0.005931
0.002003
-0.000236
0.000946
0.004387
0.008931
0.004658
0.005443
0.008819
0.006653
0.009376
0.009567
0.005165
0.007343
-0.001892
0.008186
0.006054
0.007378
0.000000
0.000000
0.009941
0.006668
-0.000473
0.003418
-0.002838
0.007988
0.009522
0.001079
0.009010
0.007553
0.005745
0.010380
0.006763
0.006607
0.000000
0.005326
0.010254
0.008400
0.010426
0.006946
0.001183
-0.002514
0.009765
-0.002212
-0.000236
0.010777
-0.001843
0.007733
-0.003075
0.000237
0.000232
0.000241
-0.000526
0.000252
0.000274
0.000267
0.000275
0.007546
0.000274
0.000267
0.003513
0.005714
0.004517
0.000236
-0.001804
0.001541
0.006454
0.010105
0.004475
0.010895
0.010132
-0.002858
0.002320
-0.000275
0.008442
0.010056
-0.000263
-0.001606
0.007279
0.008953
-0.002487
0.010201
0.006157
0.011169
0.011169
-0.002433
0.009758
0.000271
0.006607
0.009518
0.011337
0.008575
-0.002583
0.009693
0.009754
-0.002697
0.011013
-0.001472
0.008602
0.001354
0.007950
0.006332
0.010132
0.008484
0.005425
0.009155
0.007912
-0.000274
0.008282
0.012810
0.007274
0.000546
0.011711
0.011116
0.010693
0.005581
0.007412
0.007740
0.003223
0.010380
0.010178
0.000946
0.004540
0.000000
0.011681
0.013256
0.010570
0.001472
0.009094
0.000000
0.000267
0.010452
0.006805
0.002365
0.009934
0.009658
0.000271
0.006310
0.005265
0.011089
0.001885
0.007171
0.013424
0.009949
0.008896
0.011139
0.002972
0.005115
0.001354
0.010769
0.013000
0.006764
0.011608
-0.001351
0.000813
0.008880
0.004586
0.010548
0.009224
0.004589
0.009056
0.014522
0.000812
0.009109
0.011894
0.001945
0.011780
0.006408
0.002166
0.008045
0.010543
0.002968
0.007938
0.012135
-0.003773
0.000237
0.003223
0.012379
0.007641
0.011559
0.012207
-0.000546
0.007221
0.000267

0.010151
0.011921
0.002381
0.010331
0.011303
0.012806
0.001240
0.003776
0.012371
0.003231
-0.002960
0.008423
0.000805
0.011826
0.001343
0.013588
0.012462
-0.003238
0.000816
0.000263
-0.002156
-0.002155
0.008678
0.011502
0.011184
0.012943
-0.003509
0.013000
0.001079
0.002156
0.013851
0.008068
-0.003246
0.015755
0.001884
-0.001080
0.009659
-0.005123
0.013039
0.013550
0.011970
0.008545
0.000275
-0.001629
0.004051
0.012276
0.000808
0.009343
0.001079
0.002426
0.007336
0.009788
0.015300
0.000813
0.014290
-0.000801
0.013566
0.001900
0.003235
0.009144
0.010258
0.000808
0.009487
0.009651
0.011780
0.004586
-0.001076
-0.001625
0.009552
-0.004319
0.014641
0.009423
0.004047
0.015205
0.001354
0.001617
-0.004853
0.004044
0.009323
0.013508
0.014389
0.004043
0.000271
0.012012
0.012940
0.012276
0.013581
0.001080
0.010914
0.002426
0.015056
0.010304
0.011818
0.009559
-0.000534
0.004852
-0.000809
0.015670
0.012631
0.001079
0.011474
0.015003
0.010422
0.015572
0.012391
0.015942
-0.000809
0.009136
0.015350
0.014832
0.008168
0.015709
-0.001076
0.009838
0.005390
-0.002693
-0.001076
0.000267
0.015297
0.000275
0.013752
0.012176
0.000271
-0.001617
0.011193
0.003243
-0.004860
0.011764
0.013073
0.008694
0.003510
0.000267
0.011970
0.005391
0.000000
0.011833
0.000275
0.000801
0.014236
0.015244
0.000808
-0.005397
0.014320
0.010833
0.004853
-0.004589
0.014702
0.009423
0.012413
0.013752
0.011994
0.001076
0.015675
0.013729
0.010295
0.017135
0.014946
0.009861
0.013153
0.002159
-0.004856
0.000274
0.012318
0.013530
0.016815
0.012276
0.014194
0.015019
0.001079
0.012757
0.012058
-0.000534
0.014660
0.000271
-0.002972
0.004856
0.017383
0.017258
0.011391
0.016334
-0.002426
0.016067
0.000541
0.004048
0.011139
0.014893
-0.001617
0.001076
0.002967
0.000267
-0.001342
0.011944
0.007778
0.011215
0.012573
0.004043
-0.002430
0.013199
-0.002159
0.018879
0.013756
0.011654
0.015400
0.013249
0.017597
0.015549
0.000538
-0.001354
0.016151
0.013832
0.000267
0.004318
0.013530
0.017654
-0.002426
0.016876
0.016517
0.007614
0.002155
0.012607
-0.001083
0.004585
0.011688
-0.004043
0.009903
0.001076
0.008995
0.004044
-0.003506
0.016765
0.000267
0.015598
0.018803
0.014885
0.012371
-0.001076
0.014038
0.013965
0.013908
0.000542
0.003235
0.002693
0.004318
0.019371
0.012245
0.004856
0.017574
0.016747
-0.003502
0.016636
-0.002426
0.012932
0.004318
0.017018
0.001892
-0.004318
0.014485
0.013691
0.013099
0.004589

0.013958
0.013569
0.013726
-0.000267
0.016922
0.000271
0.014622
0.014580
0.014195
0.001618
0.018597
0.003506
0.000809
0.012360
0.016526
-0.005123
0.014252
0.017143
0.010914
0.019348
0.016358
0.017929
-0.000267
0.012848
0.003773
0.018975
-0.002430
0.000812
0.002968
-0.000271
0.017959
0.018696
0.009712
0.016250
-0.005127
0.005940
-0.000538
0.018848
0.017433
0.015327
0.018422
0.015114
0.018989
0.011451
0.010780
0.015701
0.000271
0.014740
0.000264
0.012211
0.015995
0.014866
0.001358
0.011520
0.015717
0.018860
0.018055
0.015121
-0.001075
0.018422
0.015614
0.014931
0.002708
0.018658
0.014496
0.015956
0.014068
0.019455
0.018925
0.015442
0.015644
0.000274
0.012596
0.002708
0.017235
0.015705
0.018578
0.000274
0.018913
0.014862
0.012684
0.014847
0.004330
0.011856
-0.001351
0.012173
0.020569
0.007286
0.002426
0.013225
0.014564
0.021237
0.017902
0.019531
0.004059
0.017716
0.007026
0.002167
0.013382
0.017196
0.015373
0.008637
0.005138
0.001621
0.017884
0.015392
0.015682
0.022338
0.007282
-0.000541
0.014370
-0.001347
0.011604
0.002163
0.015129
0.018319
0.018521
0.020047
0.017734
0.018097
-0.004330
-0.000809
0.016456
0.013496
0.002701
0.019192
0.013504
0.019257
-0.003521
-0.003239
0.021622
0.017063
0.021134
0.019493
0.011013
-0.001613
0.001076
0.018348
0.012939
0.016204
0.016014
0.018615
0.015408
0.015446
0.012420
0.001892
0.015812
0.016289
0.014252
0.017944
0.008904
0.017181
-0.002331
0.015709
0.020393
0.017944
0.021545

0.005413
0.019329
-0.007026
0.005947
