0.000000
0.000298
0.000000
0.000202
-0.000202
-0.007122
-0.006332
-0.002082
-0.001484
-0.006432
-0.005348
-0.000096
0.000294
0.000694
-0.006825
-0.005043
-0.000892
0.000000
-0.001190
-0.005935
-0.001289
0.000202
-0.001583
-0.001984
-0.005535
-0.006729
-0.000396
0.000000
0.000099
-0.006130
-0.000096
-0.006134
-0.001282
-0.000202
-0.007027
0.000793
-0.000892
-0.001385
-0.000202
-0.002083
0.000099
0.000103
-0.000992
0.000100
-0.004757
0.000000
0.000301
-0.001885
-0.000297
-0.006729
-0.000099
-0.005341
0.000096
0.000099
-0.002182
0.000099
-0.007915
-0.007122
0.000103
-0.006432
-0.000198
-0.000198
0.000496
-0.007820
-0.000198
0.000198
-0.000198
-0.006725
-0.007225
-0.002380
-0.005238
-0.000698
0.000199
-0.001884
0.000099
-0.000099
-0.000298
0.000397
-0.001583
0.000397
0.000095
-0.000694
0.000099
-0.001484
-0.000202
0.000496
0.000103
0.000095
0.000099
-0.000591
0.000095
-0.000095
-0.006329
0.000095
-0.007019
0.000195
-0.006924
-0.000893
0.000099
0.000103
-0.004745
-0.007122
0.000095
-0.001583
-0.006031
0.000095
-0.004650
-0.008197
0.000099
-0.007225
-0.000199
0.000100
0.000000
0.000495
-0.006828
-0.006829
-0.001880
0.000492
-0.001686
-0.000099
-0.001686
0.000099
-0.000198
-0.006530
-0.000592
-0.008438
-0.005733
-0.006233
0.000103
-0.000202
-0.001087
-0.001782
-0.005535
-0.006729
-0.006622
-0.006226
-0.000893
-0.000988
0.000397
-0.000103
-0.006233
-0.000992
-0.006729
0.000301
-0.000598
-0.006432
-0.001091
-0.007622
-0.004444
-0.006927
0.000694
-0.001686
0.000099
0.000000
0.000099
0.000103
0.000096
-0.006431
0.000000
-0.007320
-0.005733
-0.007721
-0.007320
-0.001289
0.000099
-0.001488
0.000595
-0.001186
-0.006233
-0.005138
0.000789
-0.000694
-0.002377
0.000100
0.000396
-0.000297
0.000198
-0.000492
-0.002579
0.000099
-0.006531
-0.006729
-0.001190
-0.002277
0.000202
-0.007415
-0.006431
-0.000397
-0.000302
0.001187
-0.000294
-0.000694
0.000690
-0.001384
0.000095
-0.006233
-0.005237
0.000591
0.000099
-0.000595
-0.006035
0.000103
0.000293
0.000103
-0.005837
-0.001687
-0.007221
-0.006432
-0.000889
-0.007321
0.000397
-0.006825
-0.006531
-0.004646
-0.002083
-0.006729
0.000396
-0.006828
0.000198
-0.007900
-0.001785
-0.000794
-0.001686
0.000000
-0.006928
-0.007546
-0.008297
0.000000
-0.000885
-0.006230
-0.000393
-0.002083
0.000396
-0.008926
-0.000298
-0.000099
0.000202

-0.000103
0.000103
-0.000396
-0.006928
-0.001587
0.000199
-0.005638
-0.000199
0.000103
-0.007840
-0.000301
0.000694
0.000199
-0.006329
-0.006653
-0.000691
-0.006630
-0.005936
-0.007404
-0.000099
0.000099
-0.001881
0.000202
-0.005840
-0.006726
-0.006134
-0.006134
0.000298
-0.000195
-0.009796
-0.006531
-0.001980
-0.000298
0.000099
0.000103
0.000294
0.000496
-0.001091
-0.002671
0.000893
-0.000694
0.000198
0.000000
-0.000294
-0.001587
-0.001786
-0.006729
-0.006530
-0.000199
0.000000

-0.000992
-0.005036
0.000000
-0.005246
-0.006134
0.000396
-0.006923
-0.000298
0.000298
0.000297
-0.006328
-0.000496
-0.006332
0.000198
-0.006927
-0.007782
-0.001392
-0.007447
0.000096
-0.000393
0.000892
0.000100
-0.001186
-0.006633
-0.000489
0.000000
0.000294
0.000298
-0.000397
0.000099
-0.000397
0.000695
0.000198
-0.000694
-0.007286
-0.004548
-0.005440
-0.005833
0.000096
-0.007019
-0.002178
-0.000099
-0.004646
-0.006923
-0.001388
-0.006233
-0.008393
-0.001290
-0.007225
-0.000893
-0.006134
-0.004646
-0.000397
0.000294
0.000499
-0.006332
-0.001777
-0.006233
-0.005440
0.000198
0.000889
-0.000988
-0.006432
-0.000198
0.000000
-0.000995
0.000202
-0.006729
0.000199
-0.007660
-0.000690
-0.004349
0.000199
-0.000496
-0.000202
0.000301
-0.006332
-0.008492
-0.006554
-0.005440
0.000397
-0.005932
-0.001289
-0.010044
-0.001286
-0.006134
-0.001091
0.000500

-0.000793
-0.001091
0.000591
-0.006828
0.000099
-0.005340
0.000103
0.000099
0.000694
-0.001789
-0.004746
-0.008533
0.000301
-0.000099
-0.010483
0.000099
-0.005142
0.000095
-0.007587
-0.002472
-0.006809
-0.001686
-0.005841
0.000293
-0.000198
0.000203
-0.005638
-0.006356
-0.000694
-0.007622
-0.001182
-0.000793
-0.006432
0.000595
-0.006134
0.000397
-0.002571
-0.000199
0.000396
-0.000194
0.000793
-0.000496
-0.005439
-0.005737
-0.000397
-0.000988
-0.007225
-0.000695
0.000096
-0.000794
0.000397
-0.010124
0.000492
-0.000492
0.000095
-0.005435
-0.001888
-0.000595
-0.001587
-0.008507
-0.000396
0.000396
0.000199
-0.007286
-0.000198
-0.008942
-0.005920
-0.008744
0.000397
-0.002277
-0.005444
-0.010662
0.000499
-0.002178
-0.001579
-0.000996
-0.001579
-0.000988
-0.000500
-0.007457
0.000396
-0.000099
-0.010811
-0.000793
-0.007149
-0.006752
0.000099
0.000095
0.000103
-0.001580
0.000100
0.000095
-0.005340
-0.000595
-0.008095
-0.005738
-0.001190
-0.001580
-0.006356
-0.000099
0.000099
-0.007851
-0.001190
0.000496
-0.000397
-0.008137
0.000699
-0.004547
-0.007977
-0.000397
-0.002277
-0.002476
-0.008423
-0.009178
-0.008705
0.000198
0.000992
-0.000397
-0.002178
-0.007088
0.000100
-0.007484
0.000690
-0.008469
-0.002381
0.000103
-0.002174
0.000095
-0.005737
-0.000596
0.000397
-0.001084
0.000592
-0.008423
-0.000794
0.000000
-0.007126
-0.005940
0.000203
-0.006955
-0.001385
-0.000591
-0.008804
-0.010757
-0.009349
0.000591
-0.000397
0.000202
0.000695
-0.001881
0.000496
-0.006195
0.000099
-0.010834
-0.000103
-0.008686
-0.004250
-0.003849
-0.000892
-0.000298
0.000397
-0.001381
-0.002571
0.000095
0.000500
-0.001876
-0.000794
-0.001881
0.000294
-0.000893
-0.007675
-0.006806
-0.000301
-0.002175
-0.004844
-0.000203
0.000103
-0.005543
-0.009018
0.000889
0.000103
-0.007599
0.000198
-0.004352
-0.000195
-0.007031
-0.006412
0.000397
-0.007538
-0.008655
0.000099
-0.000496
0.000893
-0.001290
-0.002472
0.001190
0.000099
-0.007118
-0.007538
-0.000396
-0.008148
-0.002769
0.000297
0.000294
-0.000492
0.001285
-0.010193
-0.000202
0.000397
-0.005046
-0.000794
-0.004746
-0.000103
-0.008621
0.000888
-0.001381
-0.001480
-0.001384
-0.010360
-0.009766
-0.001972
-0.001385
-0.000099
-0.002174
-0.008361
0.000492
-0.000389
-0.001091
0.000595

-0.005066
-0.004943
0.000488
0.000099
-0.001087
0.000103
-0.000298
0.000100
0.000095
0.000103
-0.000794
0.000893
-0.001282
-0.008896
-0.000500
0.000500
0.000099
0.000099
0.000096
-0.002079
-0.001782
-0.001881
0.000599
-0.001579
-0.010265
0.000301
-0.000686
-0.010635
0.001285
-0.001281
-0.000298
-0.000397
0.000100
0.000691
-0.007874
-0.000691
0.000595
-0.007950
-0.004448
-0.001091
-0.001385
-0.000397
-0.002563
-0.005817
0.000595
-0.004055
-0.000793
0.000397
-0.004943
0.001087
-0.001385
-0.000397
0.000397
-0.005535
0.000298
0.000000
0.000892
0.000099
0.000290
-0.009094
0.000095
-0.001381
-0.007656
-0.000492
0.000396
0.000588
-0.001869
-0.001381
-0.010285
-0.009171
-0.000984
0.000198
-0.007183
-0.000592
0.000794
0.001083
-0.002865
-0.010143
0.001384
-0.006314
-0.000492
-0.002472
-0.001679
0.000885
-0.009460
-0.001282
-0.009491
0.000103
-0.000984
0.000294
-0.007004
-0.002079
0.000698
-0.004646
-0.008148
-0.001484
-0.005661
-0.001683
-0.009724
0.001385
0.000000
-0.004932
0.000996
-0.001191
-0.007828
-0.000690
0.000095
-0.008838
-0.000294
-0.001683
0.000397
-0.009765
-0.007690
-0.007614
-0.001190
-0.010437
-0.001381
0.000191
-0.000690
0.000488
-0.004943
-0.002170
0.000496
-0.001976
-0.009869
0.000996
-0.001976
0.000397
0.000099
-0.009716
-0.005737
0.000595
-0.008931
-0.001575
-0.008637
-0.009109
0.000000
-0.007301
-0.001781
-0.000889
0.001976
-0.010010
-0.008838
0.001682
-0.000492
-0.000591
-0.001773
-0.002274
-0.005993
-0.001778
-0.005425
-0.007336
0.000000
-0.000202
-0.000397
-0.009919
-0.006348
-0.000988
-0.005562
-0.011997
0.000095
0.000096
-0.000588
-0.008686
-0.001873
-0.005699
-0.001381
-0.000298
0.000099
0.000588
-0.007714
-0.009716
-0.000496
-0.000785
-0.001877
0.000099
0.000099
0.000103
-0.000294
-0.001186
-0.000099
-0.010479
0.000000
0.000290
-0.001774
0.001575
-0.008129
-0.008011
0.000202
-0.000195
-0.000202
-0.001282
-0.012081
-0.005764
0.000888
-0.008247
0.000496
-0.001976
0.000888
0.001576
-0.001187
-0.004413
-0.000699
0.000100
0.000000
-0.009453
-0.001290
-0.000794
-0.000587
-0.000500
-0.007454
-0.011486
0.000202
-0.002762
0.001087
-0.001777
0.000694
-0.000992
-0.002167
-0.012024
-0.007373
-0.002071
-0.000301
-0.001084
0.000100
-0.001286
-0.002166
-0.010426
-0.000885
-0.000385
-0.009472
0.001587
-0.005646
-0.001190
-0.010105
-0.010517
-0.001480
0.000095
-0.011559
-0.001381
0.000492
-0.010338
-0.010399
-0.005382
-0.002167
-0.011090
-0.011383
-0.001381
-0.011383
-0.011070
-0.000488
-0.009601
0.000492
-0.011535
0.000698
-0.000698
-0.010673
-0.006805
-0.001679
-0.000496
-0.007790
-0.010628
-0.000488
-0.001079
-0.000397
-0.000984
-0.008575
-0.010422
-0.008972
0.001281
-0.002075
-0.006645
-0.011582
0.001084
0.000202
-0.002372
-0.011757
-0.012318
-0.001087
-0.007714
-0.012787
-0.000195
-0.000194
0.001385
-0.001286
0.001671
-0.001179
-0.012462
0.000294
-0.011856
-0.000988
0.001190
-0.013988
-0.006927
-0.008736
-0.001084
-0.010529
-0.011685
0.000984
-0.001480
-0.013070
-0.000496
0.000687
-0.013008
-0.013615
-0.008206
-0.001876
-0.008781
-0.009941
-0.001083
-0.001675
-0.000198
0.000198
-0.000595
-0.000888
0.000396
0.000794
-0.001686
-0.009796
0.001579
0.000694

-0.002571
0.000397
0.000297
-0.011234
-0.013061
-0.010814
-0.001282
0.000500
-0.000397
-0.007354
-0.008625
-0.009350
-0.001579
-0.000492
-0.000691
-0.001381
-0.000294
-0.001873
0.000397
0.000397
-0.000897
-0.009391
0.001178
-0.001480
-0.001972
0.000095
-0.001675
-0.001381
-0.000397
-0.014034
0.000686

-0.002670
-0.006774
-0.009327
0.000103
0.000984
-0.000691
0.001088
0.000392
-0.008117
0.000297
-0.001084
-0.006157
-0.001674
0.000000
-0.000794
-0.009754
-0.011826
-0.002175
-0.002369
0.000095
-0.009144
-0.011994
-0.008187
-0.008014
-0.002373
0.001675
0.000103
-0.001079
-0.012035
-0.001972
-0.001182
-0.001282
-0.001579
-0.000694
-0.007118
0.001579
-0.010498
-0.010914
-0.008724
0.000194
-0.008537
-0.001083
-0.012093
-0.012772
-0.013588
-0.001091
-0.000099
0.000992
-0.000397
-0.001182
0.000103
-0.012664
0.000599
-0.009705
-0.009022
0.000794
-0.001091
0.000500
0.000385
-0.002075
0.000793
-0.001481
0.000096
0.001190
-0.000100
-0.000691
-0.001182
-0.009979
0.000588
0.000495
-0.006641
-0.002571
-0.010102
-0.000194
0.000000
-0.002071
0.000194
-0.000591
0.000885
-0.000199
-0.010117
-0.011970
-0.014503
0.000793
0.000591
0.001187
-0.001579
-0.002472
0.000793
-0.013240
-0.009705
0.000397
-0.000988
-0.012631
0.000302
-0.000881
-0.014248
0.000790
-0.006511
-0.001088
-0.011524
-0.000500
0.002075
-0.009884
-0.001285
0.001381
-0.000985
-0.003364
-0.001576
0.000588
-0.008331
-0.010730
-0.001278
-0.000889
-0.009262
-0.001778
-0.012688
-0.000198
-0.002468
-0.010643
-0.009888
-0.002075
-0.000794
-0.000397
-0.000988
-0.014435
-0.011970
-0.008281
0.000095
-0.008953
0.000302
-0.012185
0.000294
-0.000095
-0.001877
-0.008670
-0.001873
0.000392
-0.002075
-0.012355
-0.000397
0.000591
-0.009514
-0.012329
-0.014221
-0.000885
-0.014382
0.001587

-0.010872
-0.000191
0.000294
-0.013119
-0.000195
-0.009041
-0.002071
-0.012455
-0.010933
-0.009610
-0.001186
0.002968
-0.002865
-0.001487
-0.000493
0.000790
-0.001191
-0.012532
-0.001487
0.001285
-0.002468
0.000687
-0.000793
-0.010769
-0.010346
-0.008530
0.000000
-0.000294
-0.000793
-0.011139
0.001084
-0.001381
-0.008950
-0.001492
-0.012073
-0.001488
-0.001881
-0.000099
-0.008606
-0.000393
-0.013031
-0.001781
0.000294
-0.009391
0.000099
-0.000290
0.000091
-0.001576
0.000095
0.000000
0.000096
-0.013336
-0.011009
0.000099
-0.001888
-0.001972
0.000488
-0.000591
0.000393
-0.000893
-0.000103
0.000202
-0.015079
-0.013298
0.000206
-0.009217
-0.000587
0.002273
-0.001286
-0.002273
-0.010940
0.000000
0.001777
-0.012664
-0.015247
-0.000988
-0.002075
-0.013103
-0.014324
-0.000896
-0.000984
0.000885
-0.001381
0.001675

0.000103
-0.001389
-0.013435
-0.000191
-0.011788
-0.002372
0.001281
-0.010029
-0.000297
0.000297
-0.000885
0.001476
-0.013534
-0.000397
0.000100
-0.015156
-0.015079
-0.000691
0.000099
-0.013603
-0.014419
-0.001278
-0.012432
-0.003162
0.001178
0.000099
-0.000099
-0.001983
-0.000885
-0.003067
-0.012035
-0.000782
-0.007705
-0.012085
-0.009709
0.000096
-0.001880
0.000103
0.000385
-0.013683
0.000782
0.001381
-0.000985
-0.012848
-0.002865
0.001976
-0.002274
0.001381
-0.016754
-0.012196
-0.001190
0.000095
-0.014137
-0.000496
-0.011162
0.001480
-0.010914
0.001576
-0.000988
0.000103
-0.015838
-0.000992
-0.001282
-0.012065
-0.010929
-0.010048
-0.001278
-0.001290
-0.010105
0.000095
-0.001385
-0.014591
0.000103
-0.002472
0.000091
0.000595
-0.012135
-0.012669
-0.009312
-0.010201
-0.010514
0.000096
-0.001084
0.000790
0.000294
-0.010372
-0.002182
-0.015076
0.001289
-0.001984
-0.010701
-0.001484
0.000794
0.000099
-0.000893
0.000100
-0.001888
0.000103
-0.015511
0.000096
0.000103
-0.000397
0.000496
0.000297
-0.001980
-0.013313
-0.010742
0.000297
0.000691
-0.000195
-0.009918
-0.000301
-0.011875
-0.000496
0.000099
-0.000984
-0.012447
0.000103
-0.000103
0.000000
-0.002475
0.000595
-0.001091
-0.001778
-0.010391
-0.015099
0.000096
-0.011578
-0.012543
-0.000493
0.001782
-0.001877
-0.012371
0.000099
-0.010093
-0.001884
-0.014374
0.000793
-0.001178
0.001178
0.000988
-0.011353
-0.010643
0.000095
-0.015045
-0.011841
-0.011154
-0.002575
-0.001094
-0.011303
-0.000774
-0.002083
0.000000
-0.000488
-0.015956
0.001091
0.000099
-0.011590
0.000695
-0.013065
-0.001709
-0.001388
-0.010437
-0.013207
0.000096
-0.000598
-0.014324
0.000103
0.000794
0.000099
-0.001483
0.000198
-0.000893
-0.015724
-0.001678
-0.010093
0.000099
-0.000698
-0.004361
0.001782
-0.000396
-0.014168
-0.001293
-0.017582
0.000496
-0.013535
0.001389
0.000199
0.000099
0.000099
-0.000892
0.000495
-0.011547
-0.000199
-0.011524
-0.009342
-0.002876
-0.010437
-0.013039
-0.000988
-0.001487
-0.010971
-0.003846
-0.015972
-0.000793
-0.013550
-0.004478
-0.003364
0.000393
0.001484
0.000297
-0.001809
-0.001686
-0.011517
0.000302
-0.013908
-0.015187
-0.010845
-0.013546
-0.015675
-0.001190
0.000793
0.000397
0.000690
-0.013306
0.001488
-0.000595
0.000698
0.000397
-0.012310
0.000103
-0.000397
0.000294
-0.010487
-0.002182
-0.002838
-0.016037
-0.014050
0.001690
-0.013992
0.000892
0.000000
-0.004021
0.001190
-0.002571
-0.016136
0.001586
-0.000995
-0.012505
0.000496
0.000492
0.001515
-0.000992
-0.011654
-0.011948
0.000595
-0.016391
-0.000794
-0.012715
-0.015709
-0.001072
-0.017704
-0.013352
-0.001094
-0.000195
0.000591
-0.000396
-0.017879
-0.002273
-0.001683
0.000000
-0.015956
-0.014419
-0.001709
-0.010307
-0.002701
0.000992
-0.002178
0.000195
-0.012901
-0.000103
-0.012772
-0.003040
-0.016120
-0.017059
0.000595
0.000492
-0.002472
-0.000988
0.002678
-0.011414
-0.015896
0.000592
-0.011719
-0.016846
-0.003601
-0.003307
-0.002045
-0.000396
-0.000695
0.000397
-0.015430
-0.000690
-0.015247
0.000984
-0.012737
-0.012463
-0.012504
-0.012447
-0.012688
-0.015400
-0.014164
-0.013386
-0.000691
-0.001587
0.000000
-0.001270
-0.016590
0.000199
-0.013054
-0.013530
-0.009064
-0.003009
0.000793
-0.001587
-0.019200
-0.013992
-0.016464
-0.002777
-0.013370
-0.014702
-0.002479
0.001983
0.000000
-0.000694
0.000595
-0.001488
0.001488
0.001190
-0.0009960.000599
-0.000897
-0.000992
-0.017303
-0.018020
-0.017388
-0.001190
-0.004715
0.001091
-0.000397
-0.001384
-0.017303
-0.016480
-0.001786
-0.001587
0.000794
-0.000099
0.000241
-0.017018
0.000096
-0.016369
-0.013813
-0.000294
0.000099
-0.012391
-0.017563
-0.000793
-0.000793
-0.013691
-0.015675
-0.016304
0.002079
-0.000096
-0.001483
0.002891
-0.013370
-0.003052
0.000095
-0.013908
-0.017700
0.001587
-0.002441
-0.015187
-0.003067
-0.000519
-0.013626
-0.002106
0.000992
-0.000794
-0.011322
-0.013416
-0.017090
-0.000103
-0.000397
-0.001865
-0.013588
0.000893
-0.004517
-0.014595
-0.002808
-0.017178
-0.014283
-0.017803
-0.001667
0.000294
-0.000793
0.001785
-0.000397
0.000199
0.000710
-0.003403
-0.017243
-0.001392
0.001392
-0.013855
-0.012138
-0.013295
-0.017631
-0.002643
-0.016846
-0.002414
-0.000302
-0.012947
-0.003166
-0.014450
-0.013829
-0.001285
0.000095
0.000000
0.000996
0.000297
-0.016377
-0.017018
-0.018475
-0.014122
-0.003742
-0.001385
0.001782
-0.001385
0.001587
-0.003563
0.000992
-0.018704
-0.000195
-0.003506
0.000698
-0.004227
-0.000992
-0.000396
0.001289
-0.000694
-0.017467
-0.000096
0.000096
0.000499
-0.013569
-0.003846
0.001286
-0.018872
-0.015754
-0.002693
-0.020141
0.001888
-0.014790
-0.014930
0.000293
-0.019707
-0.013829
-0.000293
-0.017785
-0.016250
0.001289
-0.014195
0.000095
-0.001198
-0.018772
-0.003315
-0.005848
-0.000591
0.005199
-0.003612
-0.000599
-0.018715
-0.003570
0.000000
-0.017071
-0.013298
-0.005394
0.000519
-0.000496
0.001270
-0.020378
0.005341
-0.015274
0.000095
-0.014896
-0.000718
-0.000793
0.000793
-0.001850
0.000202
0.000694
-0.004647
0.001313
-0.014908
-0.020104
0.001091
-0.002571
-0.013008
-0.015327
-0.001293
-0.015076
-0.015392
0.000732
-0.018116
-0.020126
0.000000
-0.005692
-0.015686
-0.017284
-0.001911
-0.012974
-0.004132
-0.017781
0.000477
-0.020988
0.002540
-0.000477
0.000714
-0.003174
-0.015842
0.004486
-0.004883
0.000241
-0.015274
0.000198
-0.015167
-0.003075
-0.017662
-0.012428
-0.020622
0.000892
0.001786
0.000492
-0.001786
-0.014583
-0.019020
-0.002369
-0.001114
-0.005455
-0.000103
0.001217
-0.019901
0.000499
0.001423
-0.003009
0.000198
-0.015575
-0.000397
-0.000591
0.002441
-0.015644
-0.014057
-0.010986
-0.003052
-0.002838
-0.001850
-0.015930
-0.000946
-0.011333
-0.000996
-0.019653
0.000397
-0.017902
-0.015717
-0.000293
-0.015408
0.000473
0.001389
-0.002957
-0.016201
0.000732
0.003601
-0.014831
-0.015705
-0.016892
-0.000194
0.001720
-0.000232
-0.018348
-0.003826
-0.003281
0.001389
-0.016358
-0.004822
0.000954
-0.017738
-0.019455
-0.004379
0.004822
-0.000774
-0.006504
-0.016678
-0.019432
0.001251
-0.001057
-0.001423
-0.016864
-0.004333
0.000969
-0.006867
-0.006141
-0.001709
0.002910
0.000241
-0.007946
-0.016892
0.002808
-0.002610
0.001664
-0.012772
-0.008717
-0.020047
-0.015655
-0.019245
-0.016350
-0.017502
-0.016250
0.001182
-0.021027
-0.016896
-0.018753
-0.019493
-0.000821
-0.020443
-0.017013
-0.017842
-0.012097
-0.002495
0.000000
-0.009437
0.000237
-0.015606
-0.016526
-0.000988
0.002755
0.000236
-0.002624
-0.017098
-0.016083
0.000714
-0.000473
0.002636

0.000236
-0.013549
-0.000813
-0.021148
0.000396
-0.001656
-0.021504
0.001770
-0.001468
0.000492
-0.018597
-0.001419
-0.018638
0.002151
0.000237
-0.016827
-0.001423
0.000477
0.000473
-0.016694
-0.000991
-0.020607
-0.000794
-0.016861
-0.002365
0.000946
-0.007415
0.002151
-0.020233
-0.018821
-0.001961
0.003612
0.001183

-0.018112
0.000237
-0.002907
0.002197
0.000946
-0.016723
-0.020275
-0.000675
-0.015430
-0.017785
-0.002987
-0.002713
0.000237
-0.009708
-0.015682
-0.001896
-0.003937
-0.017601
-0.003006
-0.015137
-0.006912
-0.016525
-0.015598
-0.017471
-0.000710
-0.019767
-0.001892
0.002128
-0.016896
-0.002124
-0.018250
-0.019310
-0.020031
-0.020309
0.000473
-0.007549
-0.000496
-0.007721
