0.000000
0.000103
0.000096
0.000099
0.000099
0.000103
0.000095
0.000100
0.000099
0.000103
0.000095
0.000099
0.000099
0.000103
0.000096
0.000099
0.000099
0.000099
0.000096
0.000103
0.000099
0.000099
0.000095
0.000103
0.000100
0.000099
0.000095
0.000103
0.000099
0.000100
0.000095
0.000103
0.000099
0.000099
0.000096
0.000103
0.000099
0.000099
0.000095
0.000096
0.000099
0.000099
0.000103
0.000095
0.000100
0.000099
0.000103
0.000095
0.000099
0.000100
0.000103
0.000095
0.000099
0.000095
0.000096
0.000103
0.000103
0.000091
0.000100
0.000099
0.000095
0.000103
0.000099
0.000099
0.000096
0.000103
0.000099
0.000099
0.000096
0.000103
0.000099
0.000099
0.000095
0.000103
0.000099
0.000100
0.000095
0.000103
0.000099
0.000099
0.000096
0.000103
0.000099
0.000099
0.000095
0.000103
0.000222
0.000255
0.000241
0.000236
0.000237
0.000232
0.000241
0.000236
0.000237
0.000236
0.000237
0.000236
0.000237
0.000232
0.000241
0.000236
0.000237
0.000252
0.000274
0.000267
0.000275
0.000263
0.000275
0.000263
0.000275
0.000267
0.000274
0.000267
0.000271
0.000275
0.000271
0.000267
0.000267
0.000274
0.000264
0.000274
0.000264
0.000270
0.000271
0.000275
0.000263
0.000271
0.000267
0.000275
0.000267
0.000274
0.000267
0.000271
0.000271
0.000267
0.000275
0.000267
0.000267
0.000271
0.000270
0.000267
0.000271
0.000271
0.000267
0.000271
0.000271
0.000267
0.000271
0.000271
0.000274
0.000267
0.000271
0.000275
0.000274
0.000264
0.000274
0.000267
0.000275
0.000267
0.000271
0.000271
0.000267
0.000274
0.000267
0.000275
0.000267
0.000271
0.000271
0.000263
0.000271
0.000446
0.000591
0.000630
0.000652
0.000656
0.000656
0.000660
0.000660
0.000634
0.000629
0.000629
0.000542
0.000466
0.000408
0.000412
0.000408
0.000404
0.000412
0.000408
0.000409
0.000404
0.001190
0.002758
0.003216
0.003456
0.003502
0.003559
0.003551
0.003560
0.003566
0.003594
0.003593
0.003590
0.003612
0.003609
0.003632
0.003631
0.003624
0.003632
0.003662
0.003651
0.003646
0.003666
0.003662
0.003678
0.003658
0.003674
0.007358
0.003666
0.003662
0.003674
0.003681
0.003685
0.003670
0.003673
0.003674
0.003681
0.003666
0.003658
0.003674
0.003654
0.003670
0.003651
0.003681
0.003654
0.003682
0.003681
0.003673
0.003651
0.003654
0.003663
0.003650
0.003651
0.003685
0.003677
0.003666
0.003651
0.003673
0.003662
0.003651
0.003674
0.003662
0.003650
0.003640
0.003647
0.003646
0.003670
0.003674
0.003666
0.003658
0.003666
0.003643
0.003643
0.003632
0.003646
0.003647
0.003624
0.003628
0.003620
0.003613
0.003643
0.003620
0.003631
0.003525
0.003464
0.003479
0.003612
0.003560
0.003620
0.003647
0.003646
0.003624
0.003640
0.003627
0.003636
0.003616
0.003628
0.003620
0.003632
0.003624
0.003608
0.003403
0.002956
0.002839
0.002880
0.002887
0.002900
0.002887
0.002880
0.002884
0.002884
0.002869
0.002888
0.002868
0.002876
0.002842
0.002865
0.002842
0.002857
0.002850
0.002857
0.002831
0.002853
0.002831
0.002838
0.002830
0.002838
0.002827
0.002827
0.002834
0.002827
0.002807
0.002819
0.002804
0.002808
0.002800
0.002804
0.002807
0.002796
0.002804
0.002781
0.002789
0.002853
0.003368
0.003441
0.003479
0.003476
0.003475
0.003479
0.003456
0.003460
0.003475
0.003468
0.003463
0.003479
0.003453
0.003463
0.003479
0.003460
0.003460
0.003449
0.003448
0.003441
0.003445
0.003448
0.003449
0.003460
0.003440
0.003434
0.003429
0.003437
0.003430
0.003417
0.003430
0.003418
0.003418
0.003433
0.003433
0.003407
0.003406
0.003399
0.003418
0.003384
0.003395
0.003364
0.003274
0.003150
0.003182
0.003189
0.003185
0.003174
0.003174
0.003174
0.003174
0.003162
0.003143
0.003166
0.003136
0.003140
0.003139
0.003159
0.003143
0.003132
0.003132
0.003143
0.003151
0.003120
0.003140
0.003132
0.003135
0.003106
0.003109
0.003093
0.003121
0.003113
0.003093
0.003094
0.003082
0.003083
0.003105
0.003093
0.003098
0.003082
0.003102
0.003074
0.003098
0.003086
0.003082
0.003063
0.003060
0.003051
0.003064
0.003051
0.003048
0.003067
0.003041
0.003051
0.003041
0.003052
0.003044
0.003059
0.003052
0.003052
0.003032
0.003052
0.003033
0.003029
0.003044
0.003025
0.003032
0.003025
0.003022
0.003025
0.003029
0.003021
0.003021
0.003029
0.003014
0.003028
0.003014
0.003010
0.003021
0.003018
0.003013
0.003002
0.002995
0.003006
0.002983
0.003010
0.003002
0.002991
0.002983
0.002998
0.002991
0.002991
0.002998
0.002987
0.002987
0.002979
0.003002
0.002979
0.002991
0.003002
0.002995
0.003002
0.002975
0.002999
0.002998
0.002995
0.002979
0.003002
0.002976
0.002987
0.002979
0.002971
0.002968
0.002976
0.002987
0.002971
0.002980
0.002979
0.002972
0.002960
0.002964
0.002975
0.002968
0.002964
0.002976
0.002956
0.002960
0.002968
0.002960
0.002945
0.002956
0.002949
0.002953
0.002937
0.002941
0.002941
0.002949
0.002930
0.002918
0.002941
0.002930
0.002941
0.002930
0.002918
0.002911
0.002918
0.002926
0.002933
0.002918
0.002926
0.002915
0.002926
0.002914
0.002918
0.002930
0.002918
0.002915
0.002926
0.002918
0.002922
0.002903
0.002914
0.002911
0.002891
0.002907
0.002907
0.002911
0.002887
0.002907
0.002884
0.002888
0.002899
0.002899
0.002880
0.002877
0.002876
0.002884
0.002876
0.002880
0.002873
0.002868
0.002865
0.002880
0.002869
0.002868
0.002877
0.002849
0.002850
0.002869
0.002853
0.002861
0.002850
0.002857
0.002838
0.002861
0.002830
0.002835
0.002826
0.002846
0.002831
0.002834
0.002842
0.002834
0.002835
0.002838
0.002838
0.002807
0.002839
0.002815
0.002819
0.002796
0.002800
0.002812
0.002792
0.002792
0.002804
0.002785
0.002800
0.002784
0.002789
0.002777
0.002766
0.002773
0.002773
0.002781
0.002774
0.002777
0.002784
0.002777
0.002789
0.002777
0.002777
0.002777
0.002766
0.002769
0.002778
0.002746
0.002777
0.002766
0.002777
0.002766
0.002758
0.002746
0.002758
0.002739
0.002743
0.002735
0.002758
0.002735
0.002743
0.002743
0.002735
0.002747
0.002746
0.002735
0.002728
0.002731
0.002716
0.002621
0.002369
0.002697
0.002643
0.002674
0.002625
0.002624
0.002621
0.002628
0.002610
0.002590
0.002605
0.002602
0.002594
0.002605
0.002655
0.002751
0.002754
0.002766
0.002765
0.002762
0.002754
0.002766
0.002766
0.002758
0.002750
0.002754
0.002766
0.002750
0.002743
0.002751
0.002754
0.002765
0.002747
0.002747
0.002746
0.002747
0.002750
0.002743
0.002758
0.002750
0.002743
0.002747
0.002735
0.002731
0.002743
0.002720
0.002743
0.002719
0.002743
0.002724
0.002727
0.002728
0.002731
0.002720
0.002716
0.002712
0.002709
0.002724
0.002731
0.002720
0.002712
0.002705
0.002575
0.002388
0.002380
0.002365
0.002358
0.002353
0.002362
0.002368
0.002354
0.001152
0.002388
0.002697
0.002712
0.002709
0.002731
0.002728
0.002720
0.002731
0.002731
0.002728
0.002716
0.002720
0.002700
0.002728
0.002697
0.002716
0.002705
0.002712
0.002701
0.002693
0.002708
0.002686
0.002693
0.002697
0.002686
0.002685
0.002697
0.002686
0.002685
0.002686
0.002674
0.002670
0.002682
0.002685
0.002663
0.002667
0.002655
0.002666
0.002655
0.002674
0.002667
0.002655
0.002655
0.002662
0.002667
0.002666
0.002644
0.002666
0.002663
0.002651
0.002682
0.002686
0.002685
0.002674
0.002686
0.002685
0.002686
0.002682
0.002689
0.002682
0.002678
0.002681
0.002690
0.002685
0.002686
0.002697
0.002685
0.002697
0.002686
0.002693
0.002697
0.002689
0.002686
0.002682
0.002685
0.002682
0.002689
0.002697
0.002678
0.002701
0.002686
0.002700
0.002694
0.002700
0.002701
0.002693
0.002701
0.002709
0.002700
0.002716
0.002694
0.002708
0.002724
0.002708
0.002705
0.002701
0.002716
0.002704
0.002724
0.002708
0.002713
0.002716
0.002712
0.002724
0.002716
0.002723
0.002716
0.002736
0.002742
0.002720
0.002716
0.002716
0.002728
0.002720
0.002731
0.002735
0.002739
0.002724
0.002727
0.002720
0.002732
0.002731
0.002731
0.002739
0.002735
0.002747
0.002727
0.002732
0.002731
0.002739
0.002731
0.002739
0.002735
0.002720
0.002732
0.002739
0.002739
0.002731
0.002746
0.002717
0.002738
0.002739
0.002739
0.002720
0.002716
0.002728
0.002731
0.002720
0.002731
0.002720
0.002716
0.002739
0.002705
0.002704
0.002728
0.002712
0.002720
0.002712
0.002709
0.002716
0.002712
0.002701
0.002705
0.002716
0.002697
0.002704
0.002697
0.002697
0.002690
0.002689
0.002697
0.002697
0.002705
0.002700
0.002701
0.002701
0.002682
0.002674
0.002701
0.002681
0.002693
0.002678
0.002663
0.002678
0.002678
0.002678
0.002678
0.002666
0.002674
0.002655
0.002663
0.002659
0.002674
0.002670
0.002663
0.002663
0.002651
0.002643
0.002652
0.002666
0.002655
0.002644
0.002659
0.002651
0.002643
0.002655
0.002655
0.002636
0.002655
0.002644
0.002647
0.002648
0.002651
0.002644
0.002639
0.002632
0.002633
0.002647
0.002624
0.002633
0.002632
0.002613
0.002621
0.002632
0.002636
0.002609
0.002621
0.002624
0.002602
0.002620
0.002621
0.002617
0.002609
0.002610
0.002620
0.002606
0.002613
0.002598
0.002601
0.002602
0.002586
0.002598
0.002598
0.002590
0.002594
0.002590
0.002583
0.002590
0.002586
0.002606
0.002605
0.002625
0.002624
0.002602
0.002609
0.002617
0.002609
0.002625
0.002601
0.002602
0.002609
0.002602
0.002617
0.002597
0.002598
0.002617
0.002594
0.002602
0.002605
0.002583
0.002609
0.002605
0.002598
0.002594
0.002587
0.002594
0.002582
0.002575
0.002594
0.002594
0.002583
0.002575
0.002582
0.002583
0.002586
0.002571
0.002586
0.002594
0.002572
0.002574
0.002568
0.002586
0.002567
0.002564
0.002552
0.002575
0.002567
0.002560
0.002559
0.002564
0.002567
0.002552
0.002556
0.002556
0.002560
0.002544
0.002552
0.002564
0.002536
0.002541
0.002537
0.002548
0.002548
0.002537
0.002548
0.002541
0.002533
0.002521
0.002514
0.002510
0.002449
0.002445
0.002411
0.002400
0.002411
0.002410
0.002404
0.002411
0.002411
0.002399
0.002399
0.002404
0.002403
0.002396
0.002403
0.002411
0.002403
0.002396
0.002391
0.002400
0.002403
0.002388
0.002396
0.002388
0.002388
0.002403
0.002357
0.002289
0.002281
0.002263
0.002292
0.002270
0.002277
0.002289
0.002281
0.002289
0.002258
0.002259
0.002247
0.002258
0.002258
0.002247
0.002243
0.002255
0.002246
0.002259
0.002258
0.002258
0.002259
0.002269
0.002255
0.002251
0.002266
0.002262
0.002246
0.002251
0.002247
0.002270
0.002258
0.002251
0.002254
0.002259
0.002258
0.002258
0.002262
0.002243
0.002259
0.002266
0.002243
0.002250
0.002255
0.002239
0.002243
0.002243
0.002247
0.002243
0.002243
0.002247
0.002250
0.002259
0.002258
0.002251
0.002254
0.002255
0.002235
0.002243
0.002266
0.002247
0.002254
0.002247
0.002247
0.002255
0.002247
0.002250
0.002251
0.002251
0.002246
0.002228
0.002247
0.002235
0.002236
0.002235
0.002236
0.002239
0.002232
0.002223
0.002228
0.002228
0.002232
0.002227
0.002121
0.002179
0.002277
0.002300
0.002300
0.002297
0.002285
0.002304
0.002289
0.002289
0.002292
0.002289
0.002297
0.002281
0.002273
0.002281
0.002282
0.002296
0.002278
0.002288
0.002278
0.002289
0.002273
0.002285
0.002277
0.002274
0.002281
0.002266
0.002274
0.002266
0.002262
0.002273
0.002262
0.002076
0.002090
0.002083
0.002083
0.002075
0.002289
0.002334
0.002335
0.002361
0.002362
0.002334
0.002339
0.002338
0.002331
0.002330
0.002327
0.002346
0.002335
0.002323
0.002335
0.002327
0.002327
0.002346
0.002334
0.002335
0.002338
0.002327
0.002324
0.002346
0.002327
0.002346
0.001064
0.000923
0.000927
0.000927
0.000938
0.000939
0.000938
0.000946
0.000942
0.000947
0.000942
0.000934
0.000946
0.000935
0.000942
0.000942
0.000939
0.000942
0.000950
0.000946
0.000954
0.000950
0.000957
0.000950
0.000950
0.000957
0.000962
0.000957
0.000954
0.000961
0.000969
0.000961
0.000965
0.000965
0.000962
0.000973
0.000976
0.000965
0.000969
0.000977
0.000976
0.000977
0.000976
0.000977
0.000980
0.000977
0.000988
0.000980
0.000988
0.000981
0.000991
0.000988
0.000992
0.000992
0.000992
0.000996
0.000991
0.000996
0.001000
0.000999
0.001003
0.001003
0.001000
0.001003
0.001007
0.001007
0.001004
0.001007
0.001011
0.001010
0.001019
0.001019
0.001014
0.001019
0.001018
0.001015
0.001030
0.001015
0.001018
0.001026
0.001030
0.001026
0.001034
0.001023
0.001026
0.001026
0.001034
0.001033
0.001030
0.001046
0.001037
0.001038
0.001037
0.001038
0.001045
0.001038
0.001049
0.001041
0.001046
0.001052
0.001046
0.001053
0.001052
0.001049
0.001053
0.001053
0.001057
0.001060
0.001061
0.001064
0.001064
0.001068
0.001061
0.001068
0.001064
0.001069
0.001068
0.001068
0.001072
0.001075
0.001072
0.001080
0.001076
0.001083
0.001080
0.001079
0.001076
0.001068
0.000927
0.000759
0.000755
0.000760
0.000778
0.000789
0.000786
0.000790
0.000797
0.000794
0.000801
0.000797
0.000793
0.000798
0.000805
0.000797
0.000805
0.000808
0.000813
0.000809
0.000816
0.000813
0.000808
0.000820
0.000813
0.000820
0.000816
0.000824
0.000824
0.000824
0.000832
0.000832
0.000831
0.000828
0.000835
0.000828
0.000828
0.000835
0.000840
0.000839
0.000839
0.000839
0.000840
0.000835
0.000843
0.000843
0.000847
0.000843
0.000843
0.000851
0.000850
0.000847
0.000851
0.000851
0.000846
0.000863
0.000858
0.000854
0.000851
0.000855
0.000858
0.000866
0.000858
0.000858
0.000866
0.000866
0.000862
0.000866
0.000870
0.000870
0.000873
0.000866
0.000874
0.000877
0.000874
0.000873
0.000882
0.000873
0.000878
0.000877
0.000881
0.000885
0.000881
0.000885
0.000885
0.000885
0.000885
0.000885
0.000878
0.000881
0.000885
0.000885
0.000885
0.000885
0.000885
0.000896
0.000893
0.000885
0.000885
0.000893
0.000889
0.000896
0.000889
0.000889
0.000896
0.000897
0.000892
0.000901
0.000892
0.000900
0.000893
0.000900
0.000901
0.000900
0.000900
0.000908
0.000904
0.000904
0.000900
0.000908
0.000904
0.000905
0.000907
0.000908
0.000912
0.000904
0.000916
0.000915
0.000916
0.000915
0.000916
0.000911
0.000920
0.000915
0.000927
0.000927
0.000920
0.000927
0.000930
0.000924
0.000930
0.000927
0.000931
0.000927
0.000931
0.000931
0.000934
0.000935
0.000938
0.000935
0.000942
0.000939
0.000946
0.000938
0.000946
0.000946
0.000938
0.000947
0.000942
0.000950
0.000953
0.000954
0.000957
0.000958
0.000954
0.000953
0.000954
0.000961
0.000958
0.000961
0.000961
0.000965
0.000969
0.000966
0.000965
0.000969
0.000965
0.000976
0.000977
0.000976
0.000977
0.000980
0.000977
0.000976
0.000985
0.000980
0.000988
0.000984
0.000992
0.000988
0.000988
0.000984
0.001000
0.000992
0.000991
0.000996
0.000992
0.001999
0.000995
0.001004
0.001003
0.001007
0.000996
0.001003
0.000995
0.001008
0.001003
0.000995
0.001004
0.000999
0.001003
0.001008
0.001007
0.001003
0.001011
0.001007
0.001011
0.001014
0.001011
0.001019
0.001015
0.001018
0.001019
0.001022
0.001011
0.001011
0.001022
0.001019
0.001018
0.001022
0.001023
0.001022
0.001026
0.001026
0.001030
0.001027
0.001026
0.001034
0.001022
0.001022
0.001019
0.001014
0.001019
0.001026
0.001019
0.001026
0.001030
0.001030
0.001030
0.001030
0.001033
0.001034
0.001030
0.001038
0.001095
0.001083
0.001072
0.001079
0.001080
0.001072
0.001087
0.001084
0.001083
0.001083
0.001091
0.001091
0.001084
0.001091
0.001091
0.001094
0.001099
0.001099
0.001087
0.001099
0.001094
0.001099
0.001099
0.001102
0.001110
0.001110
0.001107
0.001110
0.001110
0.001114
0.001113
0.001114
0.001118
0.001114
0.001114
0.001118
0.001125
0.001118
0.001121
0.001129
0.001118
0.001125
0.001122
0.001129
0.001125
0.001129
0.001130
0.001129
0.001129
0.001129
0.001133
0.001129
0.001129
0.001137
0.001129
0.001133
0.001129
0.001130
0.001132
0.001137
0.001145
0.001129
0.001137
0.001136
0.001137
0.001297
0.001572
0.001858
0.002124
0.002255
0.002243
0.002167
0.002178
0.002151
0.002167
0.002174
0.002133
0.001968
0.001873
0.002007
0.002010
0.002026
0.002018
0.002025
0.002034
0.002029
0.002026
0.002029
0.002022
0.002022
0.002021
0.002026
0.002018
0.002014
0.002026
0.002025
0.002018
0.002014
0.002026
0.004059
0.002018
0.002018
0.002025
0.002026
0.002033
0.002018
0.002026
0.002029
0.002018
0.002026
0.002018
0.002025
0.002015
0.002025
0.002022
0.002014
0.002014
0.002022
0.002018
0.002026
0.002018
0.002018
0.002010
0.002026
0.002018
0.002014
0.002025
0.002014
0.002018
0.002026
0.002014
0.002014
0.001999
0.002014
0.002015
0.002002
0.002026
0.002014
0.002018
0.002010
0.002003
0.002014
0.002014
0.002015
0.002014
0.002002
0.002015
0.002014
0.002014
0.002010
0.002011
0.002021
0.002011
0.002014
0.002003
0.002021
0.002007
0.002010
0.002026
0.002006
0.002007
0.002007
0.002010
0.002018
0.002025
0.002015
0.002010
0.002018
0.002003
0.002025
0.002011
0.002014
0.002018
0.002010
0.002018
0.002018
0.002022
0.002014
0.002007
0.002021
0.002014
0.002018
0.002018
0.002015
0.002025
0.002003
0.002014
0.002007
0.002014
0.002014
0.002003
0.002010
0.002014
0.002018
0.002014
0.002014
0.002018
0.002011
0.002002
0.002026
0.002026
0.002014
0.002029
0.002018
0.002033
0.002022
0.002014
0.002030
0.002018
0.002029
0.002018
0.002026
0.002018
0.002025
0.002026
0.002018
0.002029
0.002026
0.002022
0.002025
0.002026
0.002018
0.002018
0.002014
0.002026
0.002025
0.002022
0.002026
0.002029
0.002026
0.002033
0.002033
0.002030
0.002037
0.002018
0.002029
0.002029
0.002030
0.002033
0.002026
0.002025
0.002030
0.002018
0.002029
0.002030
0.002044
0.002026
0.002029
0.002030
0.002021
0.002037
0.002034
0.002044
0.002026
0.002022
0.002022
0.002021
0.002022
0.002022
0.002041
0.002029
0.002033
0.002030
0.002029
0.002022
0.002037
0.002037
0.002022
0.002026
0.002014
0.002033
0.002014
0.002037
0.002030
0.002021
0.002030
0.002022
0.002029
0.002018
0.002033
0.002022
0.002018
0.002026
0.002033
0.002025
0.002030
0.002029
0.002022
0.002037
0.002030
0.002018
0.002033
0.002014
0.002029
0.002030
0.002022
0.002018
0.002029
0.002018
0.002037
0.002014
0.002022
0.002026
0.002017
0.002026
0.002026
0.002018
0.002018
0.002025
0.002011
0.002018
0.002025
0.002014
0.002018
0.002018
0.002022
0.002029
0.002030
0.002018
0.002033
0.002022
0.002018
0.002033
0.002026
0.002025
0.002022
0.002030
0.002029
0.002026
0.002033
0.002025
0.002030
0.002018
0.002014
0.002026
0.002033
0.002025
0.002026
0.002022
0.002014
0.002014
0.002022
0.002018
0.002025
0.002022
0.002014
0.002026
0.002026
0.002029
0.002033
0.002026
0.002018
0.002033
0.002026
0.002025
0.002014
0.002022
0.002022
0.002033
0.002018
0.002022
0.002022
0.002025
0.002030
0.002025
0.002015
0.002029
0.002018
0.002026
0.002018
0.002018
0.002040
0.002015
0.002025
0.002018
0.002011
0.002014
0.002029
0.002030
0.002021
0.002030
0.002025
0.002014
0.002034
0.002025
0.002014
0.002026
0.002022
0.002025
0.002018
0.002030
0.002022
0.002033
0.002018
0.002037
0.002033
0.002014
0.002018
0.002022
0.002018
0.002010
0.002022
0.002026
0.002018
0.002022
0.002018
0.002018
0.002021
0.002018
0.002014
0.002030
0.002018
0.002029
0.002022
0.002022
0.002025
0.002026
0.002029
0.002030
0.002022
0.002029
0.002041
0.002029
0.002018
0.002037
0.002022
0.002030
0.002021
0.002022
0.002037
0.002030
0.002037
0.002025
0.002034
0.002025
0.002033
0.002037
0.002030
0.002033
0.002018
0.002037
0.002018
0.002029
0.002026
0.002037
0.002022
0.002033
0.002033
0.002026
0.002014
0.002030
0.002018
0.002037
0.002021
0.002026
0.002026
0.002014
0.002022
0.002029
0.002022
0.002029
0.002007
0.002029
0.002022
0.002029
0.002030
0.002018
0.002018
0.002037
0.002022
0.002037
0.002018
0.002029
0.002033
0.002037
0.002022
0.002037
0.002030
0.002021
0.002026
0.002029
0.002034
0.002040
0.002034
0.002029
0.002026
0.002033
0.002026
0.002025
0.002018
0.002041
0.002033
0.002026
0.002022
0.002025
0.002026
0.002037
0.002022
0.004058
0.002038
0.002029
0.002026
0.002033
0.002029
0.002026
0.002029
0.002026
0.002029
0.002033
0.002030
0.002029
0.002034
0.002040
0.002030
0.002018
0.002041
0.002025
0.002030
0.002021
0.002041
0.002030
0.002029
0.002026
0.002022
0.002029
0.002026
0.002033
0.002037
0.002045
0.002029
0.002033
0.002049
0.002052
0.002033
0.002041
0.002037
0.002041
0.002045
0.002033
0.002045
0.002037
0.002044
0.002049
0.002045
0.002029
0.002033
0.002037
0.002037
0.002041
0.002033
0.002041
0.002041
0.002049
0.002033
0.002052
0.002045
0.002052
0.002041
0.002060
0.002048
0.002057
0.002056
0.002044
0.002053
0.002037
0.002052
0.002037
0.002033
0.002049
0.002041
0.002048
0.002052
0.002045
0.002052
0.002057
0.002059
0.002041
0.002060
0.002045
0.002048
0.002057
0.002037
0.002056
0.002041
0.002044
0.002049
0.002044
0.002057
0.002052
0.002056
0.002056
0.002049
0.002060
0.002048
0.002056
0.002060
0.002045
0.002044
0.002064
0.002041
0.002060
0.002045
0.002056
0.002048
0.002049
0.002060
0.002067
0.002049
0.002060
0.002060
0.002063
0.002060
0.002072
0.002048
0.002060
0.002056
0.002064
0.002056
0.002056
0.002060
0.002060
0.002045
0.002052
0.002045
0.002067
0.002060
0.002053
0.002052
0.002060
0.002052
0.002037
0.002049
0.002044
0.002034
0.002040
0.002049
0.002052
0.002033
0.002034
0.002041
0.002033
0.002045
0.002052
0.002037
0.002045
0.002052
0.002037
0.002045
0.002044
0.002041
0.002049
0.002044
0.002045
0.002052
0.002049
0.002048
0.002041
0.002045
0.002048
0.002041
0.002056
0.002045
0.002045
0.002044
0.002034
0.002044
0.002041
0.002045
0.002044
0.002045
0.002037
0.002052
0.002045
0.002045
0.002048
0.002049
0.002052
0.002037
0.002041
0.002056
0.002033
0.002045
0.002056
0.002049
0.002044
0.002056
0.002049
0.002048
0.002041
0.002045
0.002045
0.002056
0.002037
0.002052
0.002045
0.002033
0.002060
0.002048
0.002045
0.002056
0.002045
0.002056
0.002052
0.002053
0.002048
0.004074
0.002056
0.002049
0.002056
0.002045
0.002048
0.002041
0.002033
0.002056
0.002034
0.002048
0.002056
0.002049
0.002052
0.002049
0.002044
0.002041
0.002045
0.002037
0.002045
0.002052
0.002044
0.002038
0.002056
0.002044
0.002056
0.002049
0.002048
0.002053
0.002060
0.002048
0.002049
0.002060
0.002060
0.002056
0.002063
0.002053
0.002060
0.002048
0.002056
0.002045
0.002048
0.002049
0.002045
0.002044
0.002053
0.002052
0.002056
0.001938
0.001858
0.001819
0.001820
0.001808
0.001804
0.001812
0.001820
0.001812
0.001816
0.001816
0.001808
0.001816
0.001808
0.001804
0.001797
0.001808
0.001808
0.001801
0.001804
0.001801
0.001812
0.001800
0.001801
0.001808
0.001808
0.001808
0.001793
0.001804
0.001797
0.001789
0.001797
0.001789
0.001804
0.001801
0.001797
0.001796
0.001789
0.001797
0.001789
0.001785
0.001797
0.001785
0.001702
0.001671
0.001693
0.001748
0.001777
0.001778
0.001793
0.001785
0.001789
0.001789
0.001785
0.001793
0.001793
0.001793
0.001785
0.001790
0.001789
0.001785
0.001800
0.001793
0.001793
0.001793
0.001793
0.001793
0.001793
0.001800
0.001801
0.001793
0.001800
0.001801
0.001804
0.001801
0.001800
0.001805
0.001800
0.001797
0.001812
0.001804
0.001801
0.001800
0.001805
0.001816
0.001808
0.001808
0.001808
0.001801
0.001815
0.001931
0.001934
0.001926
0.001938
0.001923
0.001918
0.001923
0.001926
0.001923
0.001934
0.001923
0.001911
0.001930
0.001927
0.001911
0.001934
0.001926
0.001930
0.001931
0.001918
0.001919
0.001908
0.001926
0.001919
0.001922
0.001923
0.001923
0.001922
0.001927
0.001918
0.001923
0.001915
0.001907
0.001915
0.001927
0.001919
0.001911
0.001918
0.001908
0.001915
0.001919
0.001918
0.001915
0.001904
0.001903
0.001900
0.001908
0.001915
0.001895
0.001912
0.001907
0.001903
0.001908
0.001896
0.001892
0.001903
0.001908
0.001907
0.001907
0.001896
0.001904
0.003799
0.001892
0.001664
0.001480
0.001453
0.001461
0.001453
0.001450
0.001446
0.001438
0.001442
0.001450
0.001434
0.001434
0.001442
0.001442
0.001438
0.001450
0.001446
0.001449
0.001450
0.001438
0.001453
0.001442
0.001450
0.001449
0.001450
0.001453
0.001450
0.001450
0.001445
0.001454
0.001449
0.001438
0.001442
0.001442
0.001450
0.001442
0.001442
0.001457
0.001450
0.001449
0.001450
0.001449
0.001442
0.001458
0.001449
0.001454
0.001453
0.001457
0.001450
0.001453
0.001461
0.001457
0.001458
0.001457
0.001457
0.001457
0.001461
0.001461
0.001454
0.001453
0.001461
0.001461
0.001465
0.001465
0.001472
0.001473
0.001468
0.001477
0.001465
0.001468
0.001461
0.001465
0.001465
0.001457
0.001251
0.001233
0.001232
0.001220
0.001225
0.001209
0.001229
0.001220
0.001225
0.001220
0.001450
0.001526
0.001545
0.001552
0.001561
0.001568
0.001567
0.001728
0.001751
0.001755
0.001759
0.001770
0.001758
0.001763
0.001770
0.001770
0.001941
0.002316
0.002312
0.002327
0.002334
0.002323
0.002346
0.002335
0.002323
0.002339
0.002334
0.002335
0.002334
0.002346
0.002350
0.002365
0.002350
0.002415
0.002685
0.002713
0.002697
0.002704
0.002701
0.002697
0.002689
0.002705
0.002697
0.002701
0.002689
0.002678
0.002674
0.002690
0.002678
0.002658
0.002674
0.002682
0.002674
0.002667
0.002674
0.002666
0.002671
0.002674
0.002655
0.002681
0.002675
0.002662
0.002648
0.002662
0.002655
0.002659
0.002670
0.002667
0.002659
0.002651
0.002632
0.002651
0.002629
0.002632
0.002640
0.002624
0.002617
0.002636
0.002628
0.002636
0.002651
0.002640
0.002644
0.002666
0.002648
0.002666
0.002674
0.002671
0.002021
0.001435
0.001289
0.001267
0.001274
0.001251
0.001255
0.001255
0.001251
0.001251
0.001259
0.001255
0.001255
0.001251
0.001252
0.001259
0.001251
0.001259
0.001262
0.001267
0.001262
0.001267
0.001266
0.001259
0.001278
0.001270
0.001370
0.001408
0.001403
0.002819
0.001408
0.001625
0.001637
0.001648
0.001648
0.001647
0.001645
0.001648
0.001636
0.001648
0.001648
0.001644
0.001808
0.001839
0.001854
0.001846
0.001858
0.001862
0.002090
0.001904
0.001213
0.000885
0.000831
0.000847
0.000855
0.000862
0.000869
0.001072
0.001133
0.001126
0.001125
0.001118
0.001125
0.001118
0.001117
0.001130
0.001125
0.001129
0.001129
0.001129
0.001130
0.001133
0.001136
0.001129
0.001130
0.001133
0.001140
0.001133
0.001133
0.001137
0.001137
0.001144
0.001141
0.001140
0.001133
0.001145
0.001144
0.001144
0.001145
0.001144
0.001148
0.001153
0.001148
0.001148
0.001156
0.001156
0.001148
0.001148
0.001156
0.001163
0.001160
0.001156
0.001160
0.001159
0.001164
0.001156
0.001171
0.001285
0.001301
0.001385
0.001377
0.001404
0.001430
0.001438
0.001435
0.001430
0.001431
0.001434
0.001427
0.001434
0.001446
0.001449
0.001439
0.001449
0.001446
0.001434
0.001438
0.001446
0.001435
0.001438
0.001442
0.001438
0.001446
0.001442
0.001449
0.001442
0.001442
0.001450
0.001445
0.001446
0.001442
0.001457
0.001454
0.001445
0.001439
0.001449
0.001450
0.001461
0.001453
0.001461
0.001454
0.001449
0.001454
0.001457
0.001449
0.001454
0.001446
0.001442
0.001457
0.001442
0.001568
0.001560
0.001564
0.001564
0.001571
0.001568
0.001572
0.001873
0.001907
0.001908
0.001922
0.001938
0.001927
0.001934
0.001953
0.001945
0.001934
0.001934
0.001946
0.001934
0.001926
0.001931
0.001926
0.001923
0.001922
0.001927
0.001930
0.001938
0.001922
0.001931
0.001918
0.001919
0.001923
0.001930
0.001949
0.001942
0.001949
0.001938
0.001942
0.001945
0.001938
0.001942
0.001942
0.001937
0.001934
0.001927
0.001930
0.001942
0.001934
0.001930
0.001938
0.001945
0.001954
0.001941
0.001950
0.001960
0.001969
0.001949
0.001953
0.001957
0.001961
0.001961
0.001964
0.001953
0.001953
0.002045
0.002064
0.002071
0.002060
0.002056
0.002053
0.002056
0.002060
0.002048
0.002060
0.002052
0.002064
0.002056
0.002064
0.002064
0.002071
0.002072
0.002079
0.002063
0.002072
0.002075
0.002079
0.002083
0.002075
0.002075
0.002083
0.002075
0.002087
0.002079
0.002071
0.002075
0.002064
0.002083
0.002060
0.002064
0.002254
0.002289
0.002289
0.002292
0.002293
0.002300
0.002308
0.002316
0.002315
0.002308
0.002316
0.002323
0.002315
0.002312
0.002316
0.002323
0.002334
0.002331
0.002335
0.002319
0.002335
0.002334
0.002339
0.002327
0.002326
0.002343
0.002323
0.002319
0.002323
0.002529
0.002598
0.002617
0.002617
0.002640
0.002640
0.002636
0.002613
0.002632
0.002617
0.002620
0.002625
0.002609
0.002625
0.002609
0.002613
0.002621
0.002624
0.002628
0.002625
0.002605
0.002621
0.002609
0.002617
0.002617
0.002625
0.002609
0.002640
0.002628
0.002636
0.002632
0.002625
0.002647
0.002625
0.002613
0.002613
0.002636
0.002636
0.002624
0.002640
0.002628
0.002629
0.002620
0.002625
0.002624
0.002629
0.002609
0.002617
0.002624
0.002613
0.002629
0.002636
0.002636
0.002639
0.002617
0.002648
0.002628
0.002636
0.002624
0.002640
0.002613
0.002636
0.002644
0.002640
0.002635
0.002633
0.002624
0.002632
0.002617
0.002606
0.002609
0.002609
0.002621
0.002609
0.002613
0.002598
0.002617
0.002624
0.002625
0.002624
0.002613
0.002613
0.002606
0.002605
0.002617
0.002606
0.002620
0.002598
0.002625
0.002613
0.002620
0.002636
0.002686
0.002678
0.002678
0.002685
0.002694
0.002685
0.002678
0.002659
0.002674
0.002655
0.002670
0.002663
0.002655
0.002663
0.002662
0.002644
0.000934
0.000435
0.000496
0.000527
0.000064
0.000065
0.000069
0.000069
0.000084
0.000080
0.000080
0.000088
0.000087
0.000084
0.000088
0.000088
0.000145
0.001033
0.001542
0.001800
0.001850
0.001904
0.001911
0.001930
0.001698
0.001484
0.001449
0.001457
0.001442
0.001446
0.001461
0.001450
0.001453
0.001454
0.001232
0.001102
0.000984
0.000786
0.000084
0.000065
0.000065
0.000072
0.000164
0.000084
0.000088
0.000092
0.000087
0.000092
0.000091
0.000092
0.000091
0.000092
0.000095
0.000096
0.000099
0.000095
0.000103
0.000099
0.000103
0.000103
0.000100
0.000103
0.000103
0.000099
0.000103
0.000103
0.000099
0.000103
0.000107
0.000103
0.000107
0.000099
0.000107
0.000103
0.000106
0.000103
0.000107
0.000099
0.000107
0.000103
0.000107
0.000103
0.000107
0.000099
0.000107
0.000103
0.000107
0.000103
0.000106
0.000100
0.000106
0.000103
0.000103
0.000100
0.000103
0.000103
0.000099
0.000103
0.000103
0.000099
0.000103
0.000103
0.000099
0.000103
0.000103
0.000099
0.000103
0.000103
0.000100
0.000103
0.000103
0.000099
0.000103
0.000103
0.000099
0.000103
0.000103
0.000099
0.000103
0.000103
0.000099
0.000103
0.000103
0.000298
0.000377
0.000397
0.000397
0.000400
0.000321
0.000213
0.000222
0.000221
0.000225
0.000217
0.000226
0.000228
0.000225
0.000222
0.000225
0.000225
0.000217
0.000225
0.000222
0.000225
0.000225
0.000217
0.000225
0.000218
0.000110
0.000092
0.000091
0.000100
0.000095
0.000095
0.000103
0.000096
0.000103
0.000095
0.000103
0.000095
0.000103
0.000096
0.000103
0.000095
0.000103
0.000096
0.000103
0.000095
0.000103
0.000095
0.000103
0.000096
0.000103
0.000095
0.000103
0.000095
0.000103
0.000096
0.000103
0.000095
0.000103
0.000095
0.000103
0.000096
0.000103
0.000095
0.000103
0.000096
0.000103
0.000095
0.000103
0.000095
0.000103
0.000096
0.000103
0.000095
0.000103
0.000095
0.000103
0.000096
0.000103
0.000095
0.000103
0.000095
0.000103
0.000096
0.000103
0.000095
0.000103
0.000096
0.000103
0.000095
0.000103
0.000095
0.000103
0.000096
0.000103
0.000095
0.000103
0.000095
0.000103
0.000096
0.000103
0.000095
0.000103
0.000095
0.000103
0.000096
0.000103
0.000095
0.000103
0.000096
0.000103
0.000095
0.000103
0.000095
0.000103
0.000096
0.000103
0.000095
0.000103
0.000095
0.000103
0.000096
0.000103
0.000095
0.000103
0.000095
0.000103
0.000096
0.000103
0.000095
0.000103
0.000096
0.000103
0.000095
0.000103
0.000095
0.000103
0.000096
0.000103
0.000095
0.000103
0.000095
0.000199
0.000103
0.000095
0.000103
0.000095
0.000103
0.000096
0.000103
0.000095
0.000103
0.000096
0.000103
0.000095
0.000103
0.000095
0.000103
0.000096
0.000103
0.000095
0.000103
0.000095
0.000103
0.000096
0.000103
0.000095
0.000103
0.000095
0.000103
0.000096
0.000103
0.000095
0.000103
0.000096
0.000103
0.000095
0.000103
0.000095
0.000103
0.000096
0.000103
0.000095
0.000103
0.000095
0.000103
0.000096
0.000103
0.000095
0.000103
0.000096
0.000102
0.000096
0.000103
0.000095
0.000103
0.000096
0.000103
0.000095
0.000103
0.000095
0.000103
0.000096
0.000103
0.000095
0.000103
0.000103
0.000099
0.000103
0.000096
0.000103
0.000095
0.000103
0.000095
0.000103
0.000103
0.000099
0.000100
0.000099
0.000103
0.000103
0.000099
0.000103
0.000103
0.000099
0.000103
0.000103
0.000099
0.000103
0.000103
0.000100
0.000103
0.000103
0.000099
0.000103
0.000103
0.000099
0.000103
0.000103
0.000099
0.000103
0.000103
0.000099
0.000103
0.000103
0.000099
0.000100
0.000099
0.000103
0.000103
0.000095
0.000103
0.000096
0.000103
0.000095
0.000103
0.000099
0.000099
0.000099
0.000100
0.000099
0.000099
0.000099
0.000099
0.000100
0.000099
0.000099
0.000103
0.000095
0.000103
0.000096
0.000103
0.000103
0.000099
0.000103
0.000103
0.000099
0.000103
0.000095
0.000103
0.000103
0.000096
0.000103
0.000095
0.000103
0.000099
0.000103
0.000103
0.000099
0.000103
0.000103
0.000100
0.000103
0.000103
0.000099
0.000103
0.000171
0.000245
0.000259
0.000229
0.000225
0.000225
0.000221
0.000225
0.000218
0.000225
0.000225
0.000221
Average:0.001768
